# Wed Jun  2 12:11:56 EDT 1993
# Astronomical silicate
# B.T.Draine, Princeton Univ. (cf Laor, A., & Draine, B.T. 1993, ApJ 402,441)
#  1.000E-01 = radius (micron)
# 1201 1.000E+03 1.000E-03 = NWAV, w_1 (micron), w_NWAV (micron)
#  From : ftp://ftp.astro.princeton.edu/draine/dust/diel/eps_Sil
3.5  1500.

        1000.00        3.41200      0.0495800
        988.600        3.41200      0.0501600
        977.200        3.41200      0.0507400
        966.100        3.41200      0.0513300
        955.000        3.41200      0.0519200
        944.100        3.41200      0.0525200
        933.300        3.41200      0.0531300
        922.600        3.41200      0.0537500
        912.000        3.41200      0.0543700
        901.600        3.41200      0.0550000
        891.300        3.41200      0.0556400
        881.000        3.41200      0.0562800
        871.000        3.41200      0.0569300
        861.000        3.41200      0.0575900
        851.100        3.41200      0.0582600
        841.400        3.41200      0.0589300
        831.800        3.41200      0.0596200
        822.200        3.41100      0.0603100
        812.800        3.41100      0.0610100
        803.500        3.41100      0.0617100
        794.300        3.41100      0.0624300
        785.200        3.41100      0.0631500
        776.200        3.41100      0.0638800
        767.400        3.41100      0.0646200
        758.600        3.41100      0.0653700
        749.900        3.41100      0.0661300
        741.300        3.41100      0.0669000
        732.800        3.41100      0.0676700
        724.400        3.41100      0.0684600
        716.100        3.41100      0.0692500
        707.900        3.41100      0.0700500
        699.800        3.41100      0.0708600
        691.800        3.41100      0.0716900
        683.900        3.41100      0.0725200
        676.100        3.41100      0.0733600
        668.300        3.41100      0.0742100
        660.700        3.41100      0.0750700
        653.100        3.41100      0.0759400
        645.700        3.41100      0.0768200
        638.300        3.41100      0.0777100
        631.000        3.41100      0.0786100
        623.700        3.41100      0.0795200
        616.600        3.41100      0.0804400
        609.500        3.41100      0.0813800
        602.600        3.41100      0.0823200
        595.700        3.41100      0.0832800
        588.800        3.41100      0.0842400
        582.100        3.41100      0.0852200
        575.400        3.41100      0.0862100
        568.900        3.41100      0.0872100
        562.300        3.41000      0.0882200
        555.900        3.41000      0.0892400
        549.500        3.41000      0.0902800
        543.300        3.41000      0.0913200
        537.000        3.41000      0.0923800
        530.900        3.41000      0.0934500
        524.800        3.41000      0.0945400
        518.800        3.41000      0.0956300
        512.900        3.41000      0.0967400
        507.000        3.41000      0.0978700
        501.200        3.41000      0.0990000
        495.500        3.41000       0.100100
        489.800        3.41000       0.101300
        484.200        3.41000       0.102500
        478.600        3.41000       0.103700
        473.200        3.41000       0.104900
        467.700        3.40900       0.106100
        462.400        3.40900       0.107300
        457.100        3.40900       0.108600
        451.900        3.40900       0.109800
        446.700        3.40900       0.111100
        441.600        3.40900       0.112400
        436.500        3.40900       0.113700
        431.500        3.40900       0.115000
        426.600        3.40800       0.116300
        421.700        3.40800       0.117700
        416.900        3.40800       0.119100
        412.100        3.40800       0.120400
        407.400        3.40800       0.121800
        402.700        3.40800       0.123300
        398.100        3.40800       0.124700
        393.600        3.40800       0.126100
        389.000        3.40800       0.127600
        384.600        3.40800       0.129100
        380.200        3.40800       0.130600
        375.800        3.40700       0.132100
        371.500        3.40700       0.133600
        367.300        3.40700       0.135200
        363.100        3.40700       0.136800
        358.900        3.40700       0.138400
        354.800        3.40700       0.140000
        350.800        3.40700       0.141600
        346.700        3.40700       0.143200
        342.800        3.40600       0.144900
        338.800        3.40600       0.146600
        335.000        3.40600       0.148300
        331.100        3.40600       0.150000
        327.300        3.40600       0.151800
        323.600        3.40500       0.153500
        319.900        3.40500       0.155300
        316.200        3.40500       0.157100
        312.600        3.40500       0.159000
        309.000        3.40500       0.160800
        305.500        3.40400       0.162700
        302.000        3.40400       0.164600
        298.500        3.40400       0.166500
        295.100        3.40400       0.168500
        291.700        3.40400       0.170400
        288.400        3.40400       0.172400
        285.100        3.40300       0.174400
        281.800        3.40300       0.176500
        278.600        3.40300       0.178500
        275.400        3.40300       0.180600
        272.300        3.40300       0.182700
        269.200        3.40200       0.184800
        266.100        3.40200       0.187000
        263.000        3.40200       0.189200
        260.000        3.40200       0.191400
        257.000        3.40200       0.193600
        254.100        3.40100       0.195900
        251.200        3.40100       0.198200
        248.300        3.40100       0.200500
        245.500        3.40000       0.202800
        242.700        3.40000       0.205200
        239.900        3.40000       0.207600
        237.100        3.39900       0.210000
        234.400        3.39900       0.212500
        231.700        3.39900       0.215000
        229.100        3.39800       0.217500
        226.500        3.39800       0.220000
        223.900        3.39800       0.222600
        221.300        3.39700       0.225200
        218.800        3.39700       0.227800
        216.300        3.39600       0.230500
        213.800        3.39600       0.233200
        211.300        3.39500       0.235900
        208.900        3.39500       0.238600
        206.500        3.39400       0.241400
        204.200        3.39400       0.244300
        201.800        3.39300       0.247100
        199.500        3.39300       0.250000
        197.200        3.39200       0.252900
        195.000        3.39200       0.255900
        192.800        3.39100       0.258900
        190.500        3.39100       0.261900
        188.400        3.39000       0.265000
        186.200        3.39000       0.268000
        184.100        3.38900       0.271200
        182.000        3.38900       0.274400
        179.900        3.38800       0.277600
        177.800        3.38800       0.280800
        175.800        3.38700       0.284100
        173.800        3.38700       0.287400
        171.800        3.38600       0.290800
        169.800        3.38500       0.294200
        167.900        3.38500       0.297700
        166.000        3.38400       0.301100
        164.100        3.38300       0.304700
        162.200        3.38300       0.308300
        160.300        3.38200       0.311900
        158.500        3.38100       0.315500
        156.700        3.38000       0.319300
        154.900        3.37900       0.323000
        153.100        3.37900       0.326800
        151.400        3.37800       0.330600
        149.600        3.37700       0.334500
        147.900        3.37600       0.338500
        146.200        3.37500       0.342500
        144.500        3.37400       0.346500
        142.900        3.37300       0.350600
        141.300        3.37200       0.354700
        139.600        3.37100       0.358900
        138.000        3.37000       0.363100
        136.500        3.36900       0.367400
        134.900        3.36800       0.371700
        133.400        3.36700       0.376100
        131.800        3.36600       0.380500
        130.300        3.36400       0.385000
        128.800        3.36300       0.389500
        127.400        3.36200       0.394000
        125.900        3.36100       0.398700
        124.500        3.35900       0.403400
        123.000        3.35800       0.408100
        121.600        3.35700       0.412900
        120.200        3.35500       0.417700
        118.900        3.35400       0.422600
        117.500        3.35200       0.427600
        116.100        3.35100       0.432600
        114.800        3.35000       0.437600
        113.500        3.34800       0.442800
        112.200        3.34600       0.448000
        110.900        3.34500       0.453200
        109.600        3.34300       0.458500
        108.400        3.34100       0.463900
        107.200        3.33900       0.469300
        105.900        3.33700       0.474700
        104.700        3.33500       0.480300
        103.500        3.33200       0.485900
        102.300        3.33000       0.491500
        101.200        3.32800       0.497300
        100.000        3.32600       0.503000
        98.8600        3.32400       0.508900
        97.7200        3.32100       0.514800
        96.6100        3.31900       0.520800
        95.5000        3.31600       0.526800
        94.4100        3.31400       0.532900
        93.3300        3.31100       0.539000
        92.2600        3.30800       0.545200
        91.2000        3.30500       0.551500
        90.1600        3.30300       0.557800
        89.1300        3.30000       0.564200
        88.1000        3.29700       0.570700
        87.1000        3.29300       0.577200
        86.1000        3.29000       0.583700
        85.1100        3.28700       0.590400
        84.1400        3.28300       0.597000
        83.1800        3.28000       0.603800
        82.2200        3.27600       0.610600
        81.2800        3.27200       0.617500
        80.3500        3.26900       0.624400
        79.4300        3.26500       0.631300
        78.5200        3.26100       0.638400
        77.6200        3.25700       0.645400
        76.7400        3.25300       0.652500
        75.8600        3.24800       0.659600
        74.9900        3.24400       0.666800
        74.1300        3.24000       0.674000
        73.2800        3.23500       0.681300
        72.4400        3.23000       0.688700
        71.6100        3.22500       0.696000
        70.7900        3.22000       0.703400
        69.9800        3.21500       0.710800
        69.1800        3.20900       0.718300
        68.3900        3.20300       0.725800
        67.6100        3.19700       0.733300
        66.8300        3.19200       0.740800
        66.0700        3.18600       0.748300
        65.3100        3.18000       0.755900
        64.5700        3.17400       0.763500
        63.8300        3.16700       0.771100
        63.1000        3.16000       0.778600
        62.3700        3.15400       0.786200
        61.6600        3.14700       0.793700
        60.9500        3.14000       0.801300
        60.2600        3.13300       0.808800
        59.5700        3.12600       0.816300
        58.8800        3.11800       0.823800
        58.2100        3.11100       0.831300
        57.5400        3.10300       0.838700
        56.8900        3.09500       0.846100
        56.2300        3.08600       0.853500
        55.5900        3.07800       0.860800
        54.9500        3.07000       0.868000
        54.3300        3.06100       0.875200
        53.7000        3.05200       0.882300
        53.0900        3.04300       0.889400
        52.4800        3.03400       0.896400
        51.8800        3.02500       0.903400
        51.2900        3.01600       0.910200
        50.7000        3.00700       0.917000
        50.1200        2.99700       0.923700
        49.5500        2.98700       0.930200
        48.9800        2.97700       0.936700
        48.4200        2.96700       0.943100
        47.8600        2.95700       0.949500
        47.3200        2.94700       0.955800
        46.7700        2.93600       0.961900
        46.2400        2.92600       0.968000
        45.7100        2.91500       0.974100
        45.1900        2.90400       0.980000
        44.6700        2.89300       0.985900
        44.1600        2.88200       0.991700
        43.6500        2.87100       0.997400
        43.1500        2.86000        1.00300
        42.6600        2.84800        1.00800
        42.1700        2.83700        1.01300
        41.6900        2.82500        1.01800
        41.2100        2.81300        1.02300
        40.7400        2.80000        1.02700
        40.2700        2.78800        1.03000
        39.8100        2.77600        1.03400
        39.3600        2.76300        1.03800
        38.9000        2.75100        1.04100
        38.4600        2.73900        1.04500
        38.0200        2.72600        1.04800
        37.5800        2.71400        1.05200
        37.1500        2.70400        1.05600
        36.7300        2.69300        1.05900
        36.3100        2.68200        1.06300
        35.8900        2.67200        1.06700
        35.4800        2.66100        1.07000
        35.0800        2.64900        1.07400
        34.6700        2.63800        1.07700
        34.2800        2.62700        1.08100
        33.8800        2.61500        1.08500
        33.5000        2.60400        1.08800
        33.1100        2.59100        1.09200
        32.7300        2.57800        1.09600
        32.3600        2.56500        1.09900
        31.9900        2.55200        1.10300
        31.6200        2.53900        1.10600
        31.2600        2.52500        1.10900
        30.9000        2.51100        1.11200
        30.5500        2.49700        1.11600
        30.2000        2.48200        1.11800
        29.8500        2.46800        1.12100
        29.5100        2.45300        1.12200
        29.1700        2.43900        1.12400
        28.8400        2.42400        1.12500
        28.5100        2.40900        1.12600
        28.1800        2.39400        1.12700
        27.8600        2.37900        1.12800
        27.5400        2.36400        1.12900
        27.2300        2.34800        1.13000
        26.9200        2.33300        1.13200
        26.6100        2.31800        1.13300
        26.3000        2.30200        1.13500
        26.0000        2.28600        1.13600
        25.7000        2.27100        1.13700
        25.4100        2.25500        1.13800
        25.1200        2.23900        1.14000
        24.8300        2.22200        1.13900
        24.5500        2.20400        1.13600
        24.2700        2.18600        1.13300
        23.9900        2.17100        1.13200
        23.7100        2.15400        1.13100
        23.4400        2.13600        1.12900
        23.1700        2.12000        1.12600
        22.9100        2.10400        1.12400
        22.6500        2.08700        1.12400
        22.3900        2.06700        1.12300
        22.1300        2.04500        1.12000
        21.8800        2.02500        1.11400
        21.6300        2.00700        1.10900
        21.3800        1.98900        1.10400
        21.1300        1.96860        1.10000
        20.8900        1.94740        1.09300
        20.6500        1.92670        1.08600
        20.4200        1.90700        1.07900
        20.1800        1.88440        1.07500
        19.9500        1.85870        1.06700
        19.7200        1.83060        1.05300
        19.5000        1.80400        1.03700
        19.2800        1.77930        1.01900
        19.0500        1.75700       0.999200
        18.8400        1.73650       0.977200
        18.6200        1.71720       0.951700
        18.4100        1.69990       0.924300
        18.2000        1.68520       0.896000
        17.9900        1.67400       0.868600
        17.7800        1.66530       0.840800
        17.5800        1.65870       0.811700
        17.3800        1.65430       0.782200
        17.1800        1.65250       0.753100
        16.9800        1.65360       0.726000
        16.7900        1.65690       0.699500
        16.6000        1.66160       0.672700
        16.4100        1.66830       0.646600
        16.2200        1.67760       0.622100
        16.0300        1.68930       0.599500
        15.8500        1.70270       0.578200
        15.6700        1.71700       0.558100
        15.4900        1.73290       0.539500
        15.3100        1.75120       0.522900
        15.1400        1.77160       0.508100
        14.9600        1.79250       0.495200
        14.7900        1.81530       0.483700
        14.6200        1.84190       0.473800
        14.4500        1.87120       0.468400
        14.2900        1.90340       0.468300
        14.1300        1.93650       0.474800
        13.9600        1.96940       0.489000
        13.8000        1.99910       0.510000
        13.6500        2.02300       0.537700
        13.4900        2.04100       0.569000
        13.3400        2.05200       0.600600
        13.1800        2.05800       0.632700
        13.0300        2.06200       0.664900
        12.8800        2.06100       0.698500
        12.7400        2.05600       0.733800
        12.5900        2.04600       0.767700
        12.4500        2.03100       0.798200
        12.3000        2.01400       0.826500
        12.1600        1.99640       0.855200
        12.0200        1.97300       0.886000
        11.8900        1.94460       0.912200
        11.7500        1.91230       0.932900
        11.6100        1.88100       0.949200
        11.4800        1.85120       0.963500
        11.3500        1.82030       0.980000
        11.2200        1.78610       0.995100
        11.0900        1.74860        1.00700
        10.9600        1.71120        1.01600
        10.8400        1.67240        1.02500
        10.7200        1.62930        1.03400
        10.5900        1.57840        1.03800
        10.4700        1.52390        1.03200
        10.3500        1.47210        1.01500
        10.2300        1.42880       0.991100
        10.1200        1.39270       0.967400
        10.0000        1.35980       0.946600
        9.88600        1.32540       0.928600
        9.77200        1.28770       0.909600
        9.66100        1.24560       0.887700
        9.55000        1.20100       0.857900
        9.44100        1.15790       0.819000
        9.33300        1.11960       0.771600
        9.22600        1.08885       0.717500
        9.12000        1.06774       0.659400
        9.01600        1.05721       0.600600
        8.91300        1.05610       0.544900
        8.81000        1.06212       0.494700
        8.71000        1.07199       0.451300
        8.61000        1.08225       0.414300
        8.51100        1.08990       0.381100
        8.41400        1.09473       0.347700
        8.31800        1.09903       0.310500
        8.22200        1.10940       0.269400
        8.12800        1.12570       0.228500
        8.03500        1.14560       0.192000
        7.94300        1.17030       0.160600
        7.85200        1.19790       0.134200
        7.76200        1.22720       0.112500
        7.67400        1.25550      0.0956200
        7.58600        1.28250      0.0824900
        7.49900        1.30840      0.0732400
        7.41300        1.33220      0.0669600
        7.32800        1.35420      0.0629400
        7.24400        1.37370      0.0605200
        7.16100        1.39110      0.0588300
        7.07900        1.40650      0.0581300
        6.99800        1.42030      0.0575800
        6.91800        1.43290      0.0572800
        6.83900        1.44430      0.0570500
        6.76100        1.45470      0.0568400
        6.68300        1.46430      0.0566200
        6.60700        1.47330      0.0563200
        6.53100        1.48150      0.0559800
        6.45700        1.48920      0.0555900
        6.38300        1.49640      0.0551600
        6.31000        1.50320      0.0546600
        6.23700        1.50970      0.0541100
        6.16600        1.51590      0.0535000
        6.09500        1.52180      0.0528300
        6.02600        1.52760      0.0521800
        5.95700        1.53300      0.0515500
        5.88800        1.53830      0.0509300
        5.82100        1.54330      0.0503500
        5.75400        1.54810      0.0497900
        5.68900        1.55270      0.0492500
        5.62300        1.55700      0.0487500
        5.55900        1.56130      0.0482800
        5.49500        1.56540      0.0478400
        5.43300        1.56930      0.0474300
        5.37000        1.57310      0.0470400
        5.30900        1.57680      0.0466700
        5.24800        1.58040      0.0463300
        5.18800        1.58380      0.0460100
        5.12900        1.58710      0.0457200
        5.07000        1.59030      0.0454500
        5.01200        1.59340      0.0452000
        4.95500        1.59620      0.0449800
        4.89800        1.59900      0.0447600
        4.84200        1.60170      0.0445600
        4.78600        1.60430      0.0443600
        4.73200        1.60680      0.0441800
        4.67700        1.60920      0.0440200
        4.62400        1.61150      0.0438600
        4.57100        1.61370      0.0437000
        4.51900        1.61590      0.0435500
        4.46700        1.61800      0.0434100
        4.41600        1.62000      0.0432800
        4.36500        1.62180      0.0431700
        4.31500        1.62370      0.0430500
        4.26600        1.62540      0.0429300
        4.21700        1.62710      0.0428200
        4.16900        1.62870      0.0427100
        4.12100        1.63020      0.0425800
        4.07400        1.63170      0.0424400
        4.02700        1.63310      0.0422900
        3.98100        1.63450      0.0421400
        3.93600        1.63590      0.0419800
        3.89000        1.63720      0.0418300
        3.84600        1.63840      0.0416700
        3.80200        1.63960      0.0415300
        3.75800        1.64080      0.0413800
        3.71500        1.64200      0.0412300
        3.67300        1.64300      0.0410800
        3.63100        1.64410      0.0409400
        3.58900        1.64510      0.0407900
        3.54800        1.64600      0.0406400
        3.50800        1.64690      0.0404900
        3.46700        1.64780      0.0403400
        3.42800        1.64860      0.0401900
        3.38800        1.64940      0.0400400
        3.35000        1.65020      0.0398700
        3.31100        1.65100      0.0397000
        3.27300        1.65180      0.0395200
        3.23600        1.65250      0.0393200
        3.19900        1.65320      0.0391100
        3.16200        1.65390      0.0389100
        3.12600        1.65460      0.0387200
        3.09000        1.65530      0.0385400
        3.05500        1.65590      0.0383800
        3.02000        1.65660      0.0382300
        2.98500        1.65720      0.0380700
        2.95100        1.65780      0.0379200
        2.91700        1.65840      0.0377700
        2.88400        1.65900      0.0376200
        2.85100        1.65960      0.0374800
        2.81800        1.66010      0.0373400
        2.78600        1.66070      0.0371900
        2.75400        1.66120      0.0370600
        2.72300        1.66170      0.0369200
        2.69200        1.66220      0.0367800
        2.66100        1.66270      0.0366500
        2.63000        1.66310      0.0365100
        2.60000        1.66360      0.0363800
        2.57000        1.66400      0.0362600
        2.54100        1.66440      0.0361300
        2.51200        1.66470      0.0360100
        2.48300        1.66510      0.0358900
        2.45500        1.66540      0.0357800
        2.42700        1.66580      0.0356700
        2.39900        1.66610      0.0355600
        2.37100        1.66650      0.0354500
        2.34400        1.66680      0.0353400
        2.31700        1.66710      0.0352300
        2.29100        1.66740      0.0351200
        2.26500        1.66770      0.0350100
        2.23900        1.66800      0.0349000
        2.21300        1.66820      0.0348000
        2.18800        1.66840      0.0346900
        2.16300        1.66860      0.0345900
        2.13800        1.66880      0.0344900
        2.11300        1.66900      0.0344000
        2.08900        1.66920      0.0343100
        2.06500        1.66940      0.0342200
        2.04200        1.66960      0.0341200
        2.01800        1.66980      0.0340300
        1.99500        1.67000      0.0339400
        1.97200        1.67020      0.0338500
        1.95000        1.67040      0.0337600
        1.92800        1.67050      0.0336700
        1.90500        1.67070      0.0335800
        1.88400        1.67090      0.0335000
        1.86200        1.67110      0.0334100
        1.84100        1.67120      0.0333300
        1.82000        1.67140      0.0332500
        1.79900        1.67150      0.0331700
        1.77800        1.67170      0.0331000
        1.75800        1.67180      0.0330300
        1.73800        1.67190      0.0329600
        1.71800        1.67200      0.0329000
        1.69800        1.67210      0.0328400
        1.67900        1.67220      0.0327800
        1.66000        1.67230      0.0327300
        1.64100        1.67230      0.0326700
        1.62200        1.67240      0.0326200
        1.60300        1.67240      0.0325700
        1.58500        1.67240      0.0325200
        1.56700        1.67250      0.0324800
        1.54900        1.67250      0.0324300
        1.53100        1.67260      0.0323700
        1.51400        1.67260      0.0323200
        1.49600        1.67270      0.0322600
        1.47900        1.67270      0.0322100
        1.46200        1.67280      0.0321500
        1.44500        1.67280      0.0321000
        1.42900        1.67280      0.0320500
        1.41300        1.67290      0.0320000
        1.39600        1.67290      0.0319500
        1.38000        1.67290      0.0319000
        1.36500        1.67290      0.0318500
        1.34900        1.67300      0.0317900
        1.33400        1.67300      0.0317400
        1.31800        1.67310      0.0316900
        1.30300        1.67310      0.0316300
        1.28800        1.67310      0.0315800
        1.27400        1.67310      0.0315400
        1.25900        1.67310      0.0315000
        1.24500        1.67310      0.0314600
        1.23000        1.67320      0.0314300
        1.21600        1.67320      0.0314100
        1.20200        1.67330      0.0313800
        1.18900        1.67330      0.0313500
        1.17500        1.67340      0.0313300
        1.16100        1.67340      0.0313000
        1.14800        1.67340      0.0312800
        1.13500        1.67350      0.0312500
        1.12200        1.67350      0.0312300
        1.10900        1.67350      0.0312100
        1.09600        1.67350      0.0311800
        1.08400        1.67350      0.0311600
        1.07200        1.67350      0.0311300
        1.05900        1.67350      0.0311100
        1.04700        1.67350      0.0310900
        1.03500        1.67350      0.0310700
        1.02300        1.67350      0.0310400
        1.01200        1.67350      0.0310200
        1.00000        1.67350      0.0310000
       0.988600        1.67350      0.0309800
       0.977200        1.67350      0.0309600
       0.966100        1.67340      0.0309400
       0.955000        1.67340      0.0309200
       0.944100        1.67340      0.0309100
       0.933300        1.67340      0.0308900
       0.922600        1.67340      0.0308700
       0.912000        1.67340      0.0308500
       0.901600        1.67340      0.0308300
       0.891300        1.67340      0.0308100
       0.881000        1.67340      0.0308000
       0.871000        1.67350      0.0307800
       0.861000        1.67350      0.0307600
       0.851100        1.67350      0.0307400
       0.841400        1.67360      0.0307200
       0.831800        1.67360      0.0307000
       0.822200        1.67370      0.0306800
       0.812800        1.67370      0.0306600
       0.803500        1.67380      0.0306400
       0.794300        1.67380      0.0306200
       0.785200        1.67390      0.0306000
       0.776200        1.67400      0.0305800
       0.767400        1.67410      0.0305600
       0.758600        1.67410      0.0305400
       0.749900        1.67420      0.0305100
       0.741300        1.67430      0.0304900
       0.732800        1.67440      0.0304700
       0.724400        1.67450      0.0304500
       0.716100        1.67460      0.0304300
       0.707900        1.67470      0.0304100
       0.699800        1.67480      0.0303900
       0.691800        1.67490      0.0303700
       0.683900        1.67500      0.0303500
       0.676100        1.67500      0.0303300
       0.668300        1.67510      0.0303100
       0.660700        1.67520      0.0302900
       0.653100        1.67540      0.0302700
       0.645700        1.67550      0.0302600
       0.638300        1.67570      0.0302500
       0.631000        1.67590      0.0302300
       0.623700        1.67610      0.0302200
       0.616600        1.67630      0.0302000
       0.609500        1.67650      0.0301900
       0.602600        1.67670      0.0301700
       0.595700        1.67690      0.0301600
       0.588800        1.67710      0.0301500
       0.582100        1.67730      0.0301300
       0.575400        1.67760      0.0301200
       0.568900        1.67780      0.0301100
       0.562300        1.67810      0.0300900
       0.555900        1.67830      0.0300800
       0.549500        1.67860      0.0300700
       0.543300        1.67890      0.0300600
       0.537000        1.67920      0.0300400
       0.530900        1.67950      0.0300300
       0.524800        1.67980      0.0300200
       0.518800        1.68010      0.0300100
       0.512900        1.68040      0.0299900
       0.507000        1.68080      0.0299800
       0.501200        1.68110      0.0299700
       0.495500        1.68150      0.0299600
       0.489800        1.68180      0.0299500
       0.484200        1.68220      0.0299400
       0.478600        1.68260      0.0299200
       0.473200        1.68310      0.0299100
       0.467700        1.68350      0.0299000
       0.462400        1.68400      0.0298900
       0.457100        1.68450      0.0298800
       0.451900        1.68500      0.0298700
       0.446700        1.68550      0.0298500
       0.441600        1.68600      0.0298400
       0.436500        1.68670      0.0298300
       0.431500        1.68740      0.0298200
       0.426600        1.68790      0.0298100
       0.421700        1.68850      0.0298000
       0.416900        1.68920      0.0297900
       0.412100        1.68980      0.0297800
       0.407400        1.69050      0.0297700
       0.402700        1.69120      0.0297500
       0.398100        1.69190      0.0297300
       0.393600        1.69270      0.0297100
       0.389000        1.69350      0.0296900
       0.384600        1.69430      0.0296700
       0.380200        1.69520      0.0296400
       0.375800        1.69610      0.0296200
       0.371500        1.69700      0.0296000
       0.367300        1.69800      0.0295700
       0.363100        1.69900      0.0295500
       0.358900        1.70000      0.0295300
       0.354800        1.70110      0.0295200
       0.350800        1.70220      0.0295000
       0.346700        1.70340      0.0294700
       0.342800        1.70460      0.0294500
       0.338800        1.70580      0.0294200
       0.335000        1.70710      0.0294000
       0.331100        1.70840      0.0293700
       0.327300        1.70970      0.0293400
       0.323600        1.71110      0.0293100
       0.319900        1.71250      0.0292900
       0.316200        1.71400      0.0292600
       0.312600        1.71560      0.0292300
       0.309000        1.71720      0.0292000
       0.305500        1.71900      0.0291700
       0.302000        1.72080      0.0291300
       0.298500        1.72270      0.0291000
       0.295100        1.72460      0.0290600
       0.291700        1.72670      0.0290200
       0.288400        1.72870      0.0289900
       0.285100        1.73070      0.0289500
       0.281800        1.73300      0.0289100
       0.278600        1.73530      0.0288700
       0.275400        1.73780      0.0288300
       0.272300        1.74030      0.0287800
       0.269200        1.74300      0.0287400
       0.266100        1.74580      0.0286800
       0.263000        1.74870      0.0286300
       0.260000        1.75170      0.0285700
       0.257000        1.75480      0.0285300
       0.254100        1.75810      0.0284800
       0.251200        1.76150      0.0284000
       0.248300        1.76510      0.0282200
       0.245500        1.76890      0.0279200
       0.242700        1.77290      0.0275100
       0.239900        1.77720      0.0270200
       0.237100        1.78230      0.0268100
       0.234400        1.78760      0.0267600
       0.231700        1.79320      0.0268400
       0.229100        1.79930      0.0270000
       0.226500        1.80590      0.0273700
       0.223900        1.81270      0.0284300
       0.221300        1.81960      0.0302700
       0.218800        1.82670      0.0322300
       0.216300        1.83390      0.0344400
       0.213800        1.84100      0.0369300
       0.211300        1.84840      0.0397500
       0.208900        1.85570      0.0424400
       0.206500        1.86300      0.0451100
       0.204200        1.87070      0.0481000
       0.201800        1.87880      0.0514000
       0.199500        1.88750      0.0549500
       0.197200        1.89700      0.0586300
       0.195000        1.90680      0.0628800
       0.192800        1.91690      0.0677300
       0.190500        1.92730      0.0731900
       0.188400        1.93780      0.0799100
       0.186200        1.94850      0.0873900
       0.184100        1.95940      0.0954000
       0.182000        1.97050       0.104000
       0.179900        1.98180       0.113100
       0.177800        1.99320       0.122200
       0.175800        2.00500       0.131900
       0.173800        2.01700       0.142100
       0.171800        2.02900       0.152800
       0.169800        2.04200       0.164300
       0.167900        2.05700       0.177400
       0.166000        2.07200       0.191800
       0.164100        2.08800       0.207500
       0.162200        2.10600       0.225400
       0.160300        2.12600       0.245900
       0.158500        2.15400       0.263100
       0.156700        2.17900       0.289200
       0.154900        2.20200       0.327400
       0.153100        2.22300       0.389100
       0.151400        2.23200       0.462900
       0.149600        2.23000       0.549200
       0.147900        2.19900       0.634900
       0.146200        2.13500       0.715500
       0.144500        2.04000       0.749600
       0.142900        1.94970       0.746400
       0.141300        1.87550       0.710000
       0.139600        1.84960       0.644400
       0.138000        1.86140       0.611500
       0.136500        1.88010       0.605800
       0.134900        1.88910       0.617700
       0.133400        1.88730       0.634700
       0.131800        1.87000       0.647100
       0.130300        1.85270       0.650500
       0.128800        1.84910       0.638800
       0.127400        1.85560       0.637100
       0.125900        1.86690       0.654200
       0.124500        1.86970       0.676800
       0.123000        1.86180       0.700100
       0.121600        1.84920       0.721700
       0.120200        1.83310       0.739200
       0.118900        1.81580       0.753600
       0.117500        1.79770       0.764100
       0.116100        1.78160       0.771800
       0.114800        1.76770       0.778100
       0.113500        1.75900       0.781800
       0.112200        1.75230       0.788500
       0.110900        1.74780       0.798800
       0.109600        1.74580       0.818100
       0.108400        1.74160       0.842100
       0.107200        1.72970       0.870700
       0.105900        1.70700       0.899600
       0.104700        1.67670       0.925600
       0.103500        1.64170       0.941800
       0.102300        1.60550       0.951600
       0.101200        1.57410       0.955400
       0.100000        1.54520       0.956200
      0.0988600        1.51970       0.957400
      0.0977200        1.49550       0.958500
      0.0966100        1.47090       0.960500
      0.0955000        1.44560       0.962000
      0.0944100        1.41920       0.962100
      0.0933300        1.39180       0.959900
      0.0922600        1.36180       0.955000
      0.0912000        1.33430       0.945700
      0.0901600        1.31330       0.923800
      0.0891300        1.29550       0.906000
      0.0881000        1.28940       0.899500
      0.0871000        1.29230       0.902700
      0.0861000        1.29210       0.906200
      0.0851100        1.28870       0.910000
      0.0841400        1.28200       0.914200
      0.0831800        1.27200       0.918800
      0.0822200        1.25470       0.924100
      0.0812800        1.23070       0.929300
      0.0803500        1.20460       0.933600
      0.0794300        1.17640       0.936900
      0.0785200        1.14600       0.939300
      0.0776200        1.11330       0.940600
      0.0767400        1.08567       0.937100
      0.0758600        1.05939       0.931500
      0.0749900        1.03341       0.924300
      0.0741300        1.00773       0.915500
      0.0732800       0.982380       0.905100
      0.0724400       0.957290       0.894300
      0.0716100       0.932290       0.883200
      0.0707900       0.907390       0.870900
      0.0699800       0.882600       0.857400
      0.0691800       0.858000       0.842700
      0.0683900       0.832800       0.827200
      0.0676100       0.807500       0.810200
      0.0668300       0.782600       0.791100
      0.0660700       0.758100       0.769900
      0.0653100       0.734100       0.746300
      0.0645700       0.707900       0.718300
      0.0638300       0.684400       0.687200
      0.0631000       0.663900       0.653200
      0.0623700       0.646400       0.616300
      0.0616600       0.635200       0.572400
      0.0609500       0.632100       0.524500
      0.0602600       0.634200       0.478500
      0.0595700       0.641600       0.434200
      0.0588800       0.656200       0.395500
      0.0582100       0.678700       0.372900
      0.0575400       0.702300       0.355000
      0.0568900       0.726900       0.342000
      0.0562300       0.750300       0.333200
      0.0555900       0.763100       0.323800
      0.0549500       0.773600       0.315700
      0.0543200       0.781900       0.309100
      0.0537000       0.788800       0.303200
      0.0530900       0.796500       0.296900
      0.0524800       0.803600       0.290800
      0.0518800       0.810000       0.285200
      0.0512900       0.815800       0.279800
      0.0507000       0.821200       0.274600
      0.0501200       0.826200       0.269600
      0.0495500       0.830700       0.264800
      0.0489800       0.834900       0.260100
      0.0484200       0.838900       0.255500
      0.0478600       0.842500       0.251100
      0.0473200       0.845900       0.246800
      0.0467700       0.849000       0.242500
      0.0462400       0.851900       0.238400
      0.0457100       0.854700       0.234400
      0.0451900       0.857300       0.230500
      0.0446700       0.859700       0.226600
      0.0441600       0.862000       0.222800
      0.0436500       0.864200       0.219000
      0.0431500       0.866300       0.215300
      0.0426600       0.868300       0.211600
      0.0421700       0.870100       0.208000
      0.0416900       0.871900       0.204400
      0.0412100       0.873600       0.200800
      0.0407400       0.875200       0.197400
      0.0402700       0.876700       0.193900
      0.0398100       0.878200       0.190500
      0.0393500       0.879700       0.187100
      0.0389000       0.881100       0.183800
      0.0384600       0.882500       0.180500
      0.0380200       0.883800       0.177200
      0.0375800       0.885000       0.173900
      0.0371500       0.886300       0.170700
      0.0367300       0.887500       0.167600
      0.0363100       0.888600       0.164400
      0.0358900       0.889800       0.161300
      0.0354800       0.891000       0.158300
      0.0350800       0.892100       0.155200
      0.0346700       0.893200       0.152200
      0.0342800       0.894400       0.149300
      0.0338800       0.895500       0.146300
      0.0335000       0.896600       0.143400
      0.0331100       0.897700       0.140500
      0.0327300       0.898800       0.137700
      0.0323600       0.899900       0.134900
      0.0319900       0.900930       0.132100
      0.0316200       0.902000       0.129300
      0.0312600       0.903060       0.126600
      0.0309000       0.904120       0.123900
      0.0305500       0.905200       0.121300
      0.0302000       0.906270       0.118700
      0.0298500       0.907350       0.116200
      0.0295100       0.908430       0.113600
      0.0291700       0.909510       0.111100
      0.0288400       0.910580       0.108600
      0.0285100       0.911660       0.106200
      0.0281800       0.912750       0.103700
      0.0278600       0.913860       0.101400
      0.0275400       0.914980      0.0990900
      0.0272300       0.916110      0.0968200
      0.0269200       0.917250      0.0945900
      0.0266100       0.918370      0.0923600
      0.0263000       0.919500      0.0901700
      0.0260000       0.920650      0.0880100
      0.0257000       0.921810      0.0858900
      0.0254100       0.922990      0.0838100
      0.0251200       0.924200      0.0817700
      0.0248300       0.925440      0.0797600
      0.0245500       0.926700      0.0777800
      0.0242700       0.928000      0.0758400
      0.0239900       0.929330      0.0739400
      0.0237100       0.930680      0.0720700
      0.0234400       0.932170      0.0702100
      0.0231700       0.934110      0.0683600
      0.0229100       0.936060      0.0688500
      0.0226500       0.936500      0.0673100
      0.0223900       0.937230      0.0658400
      0.0221300       0.938140      0.0643900
      0.0218800       0.939130      0.0629900
      0.0216300       0.940140      0.0616100
      0.0213800       0.941090      0.0602500
      0.0211300       0.942090      0.0589300
      0.0208900       0.943150      0.0576200
      0.0206500       0.944280      0.0563500
      0.0204200       0.945480      0.0550900
      0.0201800       0.946760      0.0538700
      0.0199500       0.948110      0.0526700
      0.0197200       0.949550      0.0515100
      0.0195000       0.951060      0.0503700
      0.0192800       0.952650      0.0492700
      0.0190500       0.954230      0.0482100
      0.0188400       0.953820      0.0515800
      0.0186200       0.953570      0.0504100
      0.0184100       0.953730      0.0492600
      0.0182000       0.953960      0.0481300
      0.0179900       0.954240      0.0470200
      0.0177800       0.954590      0.0459400
      0.0175800       0.955060      0.0449000
      0.0173800       0.955600      0.0438800
      0.0171800       0.956170      0.0428800
      0.0169800       0.956760      0.0419100
      0.0167900       0.957380      0.0409600
      0.0166000       0.958030      0.0400300
      0.0164100       0.958660      0.0391200
      0.0162200       0.959280      0.0382400
      0.0160300       0.959900      0.0373700
      0.0158500       0.960520      0.0365100
      0.0156700       0.961140      0.0356800
      0.0154900       0.961760      0.0348700
      0.0153100       0.962370      0.0340600
      0.0151400       0.962980      0.0332700
      0.0149600       0.963600      0.0324900
      0.0147900       0.964220      0.0317200
      0.0146200       0.964850      0.0309800
      0.0144500       0.965480      0.0302400
      0.0142900       0.966140      0.0295100
      0.0141300       0.966810      0.0288000
      0.0139600       0.967500      0.0281000
      0.0138000       0.968200      0.0274200
      0.0136500       0.969110      0.0267300
      0.0134900       0.970150      0.0260600
      0.0133400       0.970830      0.0267600
      0.0131800       0.970830      0.0261100
      0.0130300       0.971230      0.0254700
      0.0128800       0.972060      0.0248200
      0.0127400       0.972370      0.0252800
      0.0125900       0.972480      0.0246500
      0.0124500       0.972640      0.0240300
      0.0123000       0.972880      0.0234200
      0.0121600       0.973180      0.0228200
      0.0120200       0.973550      0.0222300
      0.0118900       0.973980      0.0216500
      0.0117500       0.974470      0.0210800
      0.0116100       0.975030      0.0205200
      0.0114800       0.975660      0.0199600
      0.0113500       0.976370      0.0194200
      0.0112200       0.977140      0.0188900
      0.0110900       0.977990      0.0183700
      0.0109600       0.978910      0.0178600
      0.0108400       0.980600      0.0173500
      0.0107200       0.982530      0.0168400
      0.0105900       0.982740      0.0215700
      0.0104700       0.980290      0.0210700
      0.0103500       0.979800      0.0205400
      0.0102300       0.979680      0.0200100
      0.0101200       0.979650      0.0194900
      0.0100000       0.979640      0.0189700
     0.00988600       0.979650      0.0184600
     0.00977200       0.979700      0.0179700
     0.00966100       0.979770      0.0174800
     0.00955000       0.979870      0.0169900
     0.00944100       0.980020      0.0165300
     0.00933300       0.980190      0.0160700
     0.00922600       0.980380      0.0156200
     0.00912000       0.980590      0.0151800
     0.00901600       0.980820      0.0147500
     0.00891300       0.981070      0.0143300
     0.00881000       0.981330      0.0139200
     0.00871000       0.981570      0.0135200
     0.00861000       0.981820      0.0131200
     0.00851100       0.982080      0.0127400
     0.00841400       0.982340      0.0123700
     0.00831800       0.982610      0.0120000
     0.00822200       0.982880      0.0116500
     0.00812800       0.983150      0.0113000
     0.00803500       0.983430      0.0109700
     0.00794300       0.983710      0.0106400
     0.00785200       0.984010      0.0103200
     0.00776200       0.984300      0.0100200
     0.00767400       0.984630     0.00971300
     0.00758600       0.984980     0.00941700
     0.00749900       0.985350     0.00912900
     0.00741300       0.985940     0.00884900
     0.00732800       0.986110     0.00937900
     0.00724400       0.986000     0.00910000
     0.00716100       0.986100     0.00882400
     0.00707900       0.986240     0.00855600
     0.00699800       0.986420     0.00829800
     0.00691800       0.986600     0.00804600
     0.00683900       0.986790     0.00780000
     0.00676100       0.986990     0.00756000
     0.00668300       0.987180     0.00732600
     0.00660700       0.987380     0.00709800
     0.00653100       0.987580     0.00687700
     0.00645700       0.987790     0.00666600
     0.00638300       0.988000     0.00645900
     0.00631000       0.988200     0.00625700
     0.00623700       0.988400     0.00606100
     0.00616600       0.988600     0.00587200
     0.00609500       0.988800     0.00569100
     0.00602600       0.989000     0.00551400
     0.00595700       0.989190     0.00534100
     0.00588800       0.989390     0.00517100
     0.00582100       0.989580     0.00500500
     0.00575400       0.989770     0.00484400
     0.00568900       0.989960     0.00468800
     0.00562300       0.990151     0.00453600
     0.00555900       0.990337     0.00439100
     0.00549500       0.990521     0.00425000
     0.00543300       0.990703     0.00411200
     0.00537000       0.990882     0.00397900
     0.00530900       0.991060     0.00385000
     0.00524800       0.991235     0.00372600
     0.00518800       0.991407     0.00360600
     0.00512900       0.991576     0.00349000
     0.00507000       0.991742     0.00337600
     0.00501200       0.991907     0.00326500
     0.00495400       0.992068     0.00315800
     0.00489800       0.992227     0.00305400
     0.00484200       0.992384     0.00295400
     0.00478600       0.992537     0.00285700
     0.00473200       0.992689     0.00276400
     0.00467700       0.992838     0.00267200
     0.00462400       0.992985     0.00258300
     0.00457100       0.993130     0.00249700
     0.00451900       0.993272     0.00241400
     0.00446700       0.993412     0.00233400
     0.00441600       0.993549     0.00225600
     0.00436500       0.993684     0.00218100
     0.00431500       0.993817     0.00210800
     0.00426600       0.993948     0.00203600
     0.00421700       0.994076     0.00196800
     0.00416900       0.994202     0.00190100
     0.00412100       0.994326     0.00183700
     0.00407400       0.994447     0.00177500
     0.00402700       0.994567     0.00171400
     0.00398100       0.994685     0.00165500
     0.00393500       0.994800     0.00159900
     0.00389000       0.994913     0.00154400
     0.00384600       0.995024     0.00149100
     0.00380200       0.995134     0.00144000
     0.00375800       0.995241     0.00139000
     0.00371500       0.995347     0.00134200
     0.00367300       0.995450     0.00129500
     0.00363100       0.995552     0.00125000
     0.00358900       0.995653     0.00120600
     0.00354800       0.995752     0.00116400
     0.00350800       0.995849     0.00112300
     0.00346700       0.995944     0.00108400
     0.00342800       0.996037     0.00104500
     0.00338800       0.996127     0.00100900
     0.00335000       0.996216    0.000972700
     0.00331100       0.996304    0.000938200
     0.00327300       0.996389    0.000904900
     0.00323600       0.996473    0.000873000
     0.00319900       0.996557    0.000842000
     0.00316200       0.996639    0.000811700
     0.00312600       0.996720    0.000782300
     0.00309000       0.996798    0.000754100
     0.00305500       0.996872    0.000728100
     0.00302000       0.996946    0.000702500
     0.00298500       0.997019    0.000677500
     0.00295100       0.997092    0.000653000
     0.00291700       0.997164    0.000629100
     0.00288400       0.997236    0.000605800
     0.00285100       0.997308    0.000583100
     0.00281800       0.997379    0.000561100
     0.00278600       0.997449    0.000539800
     0.00275400       0.997519    0.000519200
     0.00272300       0.997583    0.000499400
     0.00269200       0.997648    0.000480300
     0.00266100       0.997713    0.000461900
     0.00263000       0.997780    0.000444200
     0.00260000       0.997847    0.000427300
     0.00257000       0.997915    0.000411200
     0.00254100       0.997984    0.000395900
     0.00251200       0.998054    0.000381400
     0.00248300       0.998124    0.000367900
     0.00245500       0.998227    0.000353800
     0.00242700       0.998342    0.000340100
     0.00239900       0.998466    0.000327000
     0.00237100       0.998600    0.000314600
     0.00234400       0.998743    0.000302800
     0.00231700       0.998793    0.000778300
     0.00229100       0.998604    0.000753200
     0.00226500       0.998550    0.000728700
     0.00223900       0.998533    0.000705000
     0.00221300       0.998535    0.000681900
     0.00218800       0.998540    0.000659200
     0.00216300       0.998546    0.000637000
     0.00213800       0.998555    0.000615200
     0.00211300       0.998566    0.000593900
     0.00208900       0.998579    0.000573200
     0.00206500       0.998595    0.000553000
     0.00204200       0.998615    0.000533600
     0.00201800       0.998636    0.000514800
     0.00199500       0.998658    0.000496400
     0.00197200       0.998683    0.000478600
     0.00195000       0.998709    0.000461400
     0.00192800       0.998736    0.000444700
     0.00190500       0.998765    0.000428600
     0.00188400       0.998792    0.000412800
     0.00186200       0.998819    0.000397500
     0.00184100       0.998848    0.000382700
     0.00182000       0.998878    0.000368400
     0.00179900       0.998909    0.000354700
     0.00177800       0.998941    0.000341600
     0.00175800       0.998979    0.000328800
     0.00173800       0.999021    0.000316200
     0.00171800       0.999066    0.000304200
     0.00169800       0.999116    0.000292700
     0.00167900       0.999224    0.000281400
     0.00166000       0.999192    0.000494200
     0.00164100       0.999149    0.000476400
     0.00162200       0.999135    0.000459100
     0.00160300       0.999125    0.000442200
     0.00158500       0.999122    0.000425800
     0.00156700       0.999124    0.000409900
     0.00154900       0.999132    0.000394500
     0.00153100       0.999143    0.000379600
     0.00151400       0.999161    0.000365200
     0.00149600       0.999184    0.000351400
     0.00147900       0.999197    0.000373700
     0.00146200       0.999194    0.000360000
     0.00144500       0.999199    0.000347000
     0.00142900       0.999208    0.000334400
     0.00141300       0.999216    0.000322100
     0.00139600       0.999226    0.000310200
     0.00138000       0.999236    0.000298600
     0.00136500       0.999248    0.000287500
     0.00134900       0.999259    0.000276700
     0.00133400       0.999271    0.000266300
     0.00131800       0.999284    0.000256200
     0.00130300       0.999296    0.000246600
     0.00128800       0.999309    0.000237300
     0.00127400       0.999321    0.000228300
     0.00125900       0.999334    0.000219500
     0.00124500       0.999346    0.000211000
     0.00123000       0.999358    0.000203000
     0.00121600       0.999370    0.000195300
     0.00120200       0.999382    0.000187900
     0.00118900       0.999394    0.000180600
     0.00117500       0.999406    0.000173500
     0.00116100       0.999418    0.000166600
     0.00114800       0.999430    0.000159900
     0.00113500       0.999441    0.000153500
     0.00112200       0.999453    0.000147300
     0.00110900       0.999464    0.000141500
     0.00109600       0.999475    0.000135800
     0.00108400       0.999487    0.000130400
     0.00107200       0.999498    0.000125100
     0.00105900       0.999509    0.000120000
     0.00104700       0.999520    0.000115200
     0.00103500       0.999531    0.000110600
     0.00102300       0.999542    0.000106100
     0.00101200       0.999554    0.000101600
     0.00100000       0.999565    9.73800e-05
