2.725   1500.

    0.0500000     0.862255     0.281287
    0.0505327     0.861863     0.286978
    0.0510710     0.861522     0.292713
    0.0516151     0.861196     0.298544
    0.0521650     0.860340     0.304468
    0.0527207     0.859435     0.310491
    0.0532824     0.858552     0.316573
    0.0538500     0.857687     0.322748
    0.0544237     0.856061     0.329899
    0.0550035     0.854323     0.337218
    0.0555895     0.852646     0.344664
    0.0561818     0.850952     0.352205
    0.0567803     0.849569     0.361441
    0.0573852     0.848308     0.371508
    0.0579965     0.847084     0.381711
    0.0586144     0.845926     0.392018
    0.0592389     0.845571     0.403003
    0.0598700     0.847096     0.415141
    0.0605078     0.848689     0.427449
    0.0611524     0.850361     0.439910
    0.0618039     0.852107     0.452479
    0.0624623     0.855878     0.464848
    0.0631278     0.860534     0.477247
    0.0638003     0.865324     0.489720
    0.0644800     0.870220     0.502354
    0.0651670     0.875243     0.515038
    0.0658612     0.882246     0.526779
    0.0665629     0.889646     0.538466
    0.0672720     0.897173     0.550263
    0.0679887     0.904870     0.562176
    0.0687130     0.912709     0.574138
    0.0694450     0.922046     0.584820
    0.0701849     0.931983     0.595183
    0.0709326     0.942060     0.605553
    0.0716883     0.952343     0.616037
    0.0724520     0.962767     0.626652
    0.0732239     0.973913     0.636367
    0.0740040     0.986125     0.644587
    0.0747924     0.998507     0.652871
    0.0755892      1.01108     0.661187
    0.0763945      1.02388     0.669599
    0.0772083      1.03689     0.678093
    0.0780309      1.05066     0.682997
    0.0788622      1.06498     0.686088
    0.0797023      1.07958     0.689192
    0.0805514      1.09441     0.692292
    0.0814096      1.10960     0.695477
    0.0822769      1.12509     0.698635
    0.0831534      1.13474     0.701528
    0.0840393      1.14000     0.704161
    0.0849346      1.14547     0.706664
    0.0858395      1.15116     0.709086
    0.0867540      1.15704     0.711400
    0.0876782      1.16324     0.713538
    0.0886123      1.16978     0.716007
    0.0895563      1.18261     0.727623
    0.0905104      1.19550     0.739081
    0.0914747      1.20996     0.748811
    0.0924492      1.22812     0.754790
    0.0934341      1.24590     0.760074
    0.0944295      1.26313     0.763063
    0.0954355      1.28058     0.765762
    0.0964523      1.29776     0.766878
    0.0974798      1.31494     0.767848
    0.0985183      1.33177     0.767876
    0.0995679      1.34904     0.767588
     0.100629      1.36680     0.766252
     0.101701      1.38505     0.764109
     0.102784      1.40352     0.760355
     0.103879      1.42129     0.752784
     0.104986      1.43957     0.744954
     0.106104      1.45189     0.737205
     0.107235      1.46428     0.729174
     0.108377      1.47623     0.721532
     0.109532      1.48764     0.714335
     0.110699      1.49878     0.706933
     0.111878      1.50948     0.699805
     0.113070      1.51963     0.692695
     0.114274      1.52989     0.685328
     0.115492      1.53954     0.678064
     0.116722      1.54936     0.670840
     0.117966      1.55875     0.663300
     0.119223      1.56767     0.656070
     0.120493      1.57628     0.648636
     0.121776      1.58504     0.641112
     0.123074      1.59354     0.633546
     0.124385      1.60161     0.625965
     0.125710      1.60921     0.618427
     0.127049      1.61682     0.610869
     0.128403      1.62457     0.603259
     0.129771      1.63181     0.595730
     0.131153      1.63905     0.588343
     0.132550      1.64642     0.580958
     0.133963      1.65364     0.573433
     0.135390      1.66138     0.565884
     0.136832      1.66905     0.558160
     0.138290      1.67740     0.550198
     0.139763      1.68556     0.541815
     0.141252      1.69489     0.532791
     0.142757      1.70457     0.522445
     0.144278      1.71475     0.509811
     0.145815      1.72357     0.494583
     0.147368      1.72944     0.477567
     0.148938      1.73417     0.460686
     0.150525      1.73380     0.443402
     0.152129      1.73272     0.426471
     0.153749      1.73165     0.409932
     0.155387      1.72966     0.394386
     0.157043      1.72423     0.380846
     0.158716      1.71892     0.367454
     0.160407      1.71312     0.354598
     0.162116      1.70586     0.343680
     0.163843      1.69798     0.332726
     0.165588      1.68964     0.322417
     0.167352      1.68024     0.314586
     0.169135      1.67079     0.307244
     0.170937      1.66072     0.301755
     0.172758      1.65077     0.298313
     0.174599      1.64087     0.295363
     0.176459      1.63115     0.293142
     0.178339      1.62156     0.291343
     0.180239      1.61242     0.290385
     0.182159      1.60427     0.291677
     0.184099      1.59630     0.293374
     0.186061      1.58871     0.295458
     0.188043      1.58156     0.297942
     0.190046      1.57474     0.300484
     0.192071      1.56931     0.304771
     0.194117      1.56420     0.308995
     0.196185      1.55983     0.313355
     0.198275      1.55568     0.317725
     0.200388      1.55225     0.322140
     0.202522      1.54949     0.326999
     0.204680      1.54677     0.331843
     0.206861      1.54419     0.336590
     0.209064      1.54177     0.341387
     0.211292      1.53981     0.346646
     0.213543      1.53826     0.352272
     0.215818      1.53685     0.358256
     0.218117      1.53626     0.364336
     0.220441      1.53614     0.370771
     0.222789      1.53666     0.377425
     0.225163      1.53749     0.383982
     0.227561      1.53931     0.390451
     0.229986      1.54139     0.396795
     0.232436      1.54433     0.402940
     0.234912      1.54734     0.408928
     0.237415      1.55067     0.414671
     0.239944      1.55437     0.420346
     0.242500      1.55844     0.426200
     0.245084      1.56328     0.431987
     0.247695      1.56872     0.437375
     0.250334      1.57454     0.442306
     0.253001      1.58096     0.446451
     0.255696      1.58754     0.449926
     0.258420      1.59420     0.452817
     0.261173      1.60059     0.455326
     0.263955      1.60724     0.457627
     0.266768      1.61364     0.459537
     0.269610      1.61984     0.461070
     0.272482      1.62614     0.462353
     0.275385      1.63241     0.463270
     0.278319      1.63881     0.463830
     0.281284      1.64516     0.463832
     0.284280      1.65094     0.463404
     0.287309      1.65607     0.462833
     0.290370      1.66116     0.462220
     0.293463      1.66568     0.461915
     0.296590      1.67041     0.461835
     0.299749      1.67504     0.461846
     0.302943      1.67970     0.461822
     0.306170      1.68424     0.461732
     0.309432      1.68868     0.461624
     0.312728      1.69302     0.461453
     0.316060      1.69783     0.461222
     0.319427      1.70253     0.460928
     0.322830      1.70718     0.460567
     0.326270      1.71146     0.460163
     0.329746      1.71599     0.459715
     0.333259      1.72049     0.459200
     0.336809      1.72478     0.458657
     0.340397      1.72944     0.458020
     0.344024      1.73352     0.457384
     0.347689      1.73806     0.456667
     0.351393      1.74240     0.455915
     0.355136      1.74668     0.455155
     0.358920      1.75083     0.454305
     0.362743      1.75497     0.453435
     0.366608      1.75919     0.452529
     0.370514      1.76300     0.451622
     0.374461      1.76725     0.450604
     0.378450      1.77126     0.449564
     0.382482      1.77521     0.448496
     0.386557      1.77908     0.447424
     0.390675      1.78333     0.446257
     0.394837      1.78701     0.445115
     0.399044      1.79091     0.443894
     0.403295      1.79492     0.442629
     0.407591      1.79859     0.441407
     0.411934      1.80236     0.440067
     0.416322      1.80590     0.438766
     0.420757      1.80930     0.437427
     0.425240      1.81298     0.436067
     0.429770      1.81622     0.434706
     0.434349      1.81978     0.433283
     0.438976      1.82320     0.431869
     0.443653      1.82667     0.430433
     0.448379      1.82989     0.428986
     0.453156      1.83312     0.427539
     0.457984      1.83632     0.426103
     0.462863      1.83954     0.424660
     0.467794      1.84276     0.423184
     0.472778      1.84597     0.421737
     0.477815      1.84871     0.420318
     0.482905      1.85168     0.418871
     0.488050      1.85465     0.417423
     0.493249      1.85749     0.416012
     0.498504      1.86017     0.414625
     0.503815      1.86298     0.413238
     0.509182      1.86600     0.411857
     0.514607      1.86868     0.410495
     0.520089      1.87136     0.409157
     0.525630      1.87392     0.407857
     0.531230      1.87619     0.406562
     0.536889      1.87889     0.405263
     0.542609      1.88157     0.403959
     0.548390      1.88373     0.402734
     0.554232      1.88646     0.401499
     0.560136      1.88899     0.400297
     0.566104      1.89151     0.399099
     0.572135      1.89385     0.397924
     0.578230      1.89651     0.396754
     0.584390      1.89868     0.395643
     0.590616      1.90115     0.394501
     0.596908      1.90354     0.393430
     0.603267      1.90572     0.392356
     0.609694      1.90838     0.391289
     0.616190      1.91056     0.390257
     0.622755      1.91273     0.389227
     0.629389      1.91493     0.388231
     0.636094      1.91758     0.387189
     0.642871      1.91975     0.386224
     0.649720      1.92193     0.385222
     0.656641      1.92412     0.384230
     0.663637      1.92636     0.383259
     0.670707      1.92857     0.382298
     0.677852      1.93078     0.381320
     0.685074      1.93301     0.380328
     0.692372      1.93524     0.379364
     0.699749      1.93745     0.378358
     0.707204      1.93968     0.377339
     0.714738      1.94191     0.376318
     0.722352      1.94377     0.375322
     0.730048      1.94589     0.374358
     0.737825      1.94800     0.373363
     0.745686      1.94966     0.372452
     0.753630      1.95162     0.371565
     0.761659      1.95344     0.370727
     0.769773      1.95508     0.369974
     0.777974      1.95674     0.369291
     0.786262      1.95840     0.368677
     0.794639      1.96006     0.368166
     0.803104      1.96176     0.367743
     0.811660      1.96347     0.367449
     0.820307      1.96537     0.367188
     0.829046      1.96737     0.367030
     0.837879      1.96908     0.366952
     0.846805      1.97131     0.366824
     0.855826      1.97359     0.366742
     0.864944      1.97588     0.366636
     0.874159      1.97817     0.366497
     0.883472      1.98047     0.366313
     0.892884      1.98322     0.365981
     0.902396      1.98567     0.365590
     0.912010      1.98824     0.365099
     0.921726      1.99091     0.364468
     0.931546      1.99328     0.363757
     0.941470      1.99556     0.362976
     0.951500      1.99805     0.362123
     0.961637      2.00022     0.361252
     0.971882      2.00235     0.360378
     0.982235      2.00461     0.359453
     0.992700      2.00672     0.358580
      1.00328      2.00841     0.357727
      1.01396      2.01044     0.356908
      1.02477      2.01221     0.356167
      1.03568      2.01389     0.355488
      1.04672      2.01560     0.354823
      1.05787      2.01732     0.354221
      1.06914      2.01864     0.353698
      1.08053      2.02034     0.353241
      1.09204      2.02200     0.352875
      1.10367      2.02372     0.352564
      1.11543      2.02537     0.352332
      1.12732      2.02718     0.352150
      1.13933      2.02885     0.352045
      1.15146      2.03055     0.351939
      1.16373      2.03257     0.351821
      1.17613      2.03446     0.351666
      1.18866      2.03609     0.351509
      1.20132      2.03825     0.351258
      1.21412      2.04017     0.350928
      1.22705      2.04209     0.350530
      1.24013      2.04433     0.350106
      1.25334      2.04590     0.349728
      1.26669      2.04759     0.349393
      1.28019      2.04900     0.349138
      1.29382      2.05047     0.349009
      1.30761      2.05218     0.348975
      1.32154      2.05350     0.349145
      1.33562      2.05546     0.349382
      1.34985      2.05743     0.349654
      1.36423      2.05913     0.349905
      1.37876      2.06138     0.350121
      1.39345      2.06363     0.350167
      1.40830      2.06590     0.350060
      1.42330      2.06807     0.349772
      1.43846      2.07032     0.349381
      1.45379      2.07195     0.348960
      1.46927      2.07367     0.348544
      1.48493      2.07535     0.348213
      1.50075      2.07705     0.348029
      1.51674      2.07831     0.348073
      1.53289      2.08005     0.348256
      1.54922      2.08176     0.348569
      1.56573      2.08338     0.348890
      1.58241      2.08512     0.349259
      1.59927      2.08723     0.349532
      1.61631      2.08910     0.349703
      1.63353      2.09135     0.349765
      1.65093      2.09319     0.349747
      1.66852      2.09485     0.349768
      1.68629      2.09696     0.349763
      1.70426      2.09859     0.349876
      1.72241      2.10024     0.350093
      1.74076      2.10191     0.350400
      1.75931      2.10406     0.350718
      1.77805      2.10592     0.351069
      1.79699      2.10814     0.351348
      1.81614      2.10992     0.351530
      1.83549      2.11204     0.351671
      1.85504      2.11410     0.351815
      1.87480      2.11570     0.351995
      1.89478      2.11767     0.352268
      1.91496      2.11941     0.352721
      1.93536      2.12167     0.353277
      1.95598      2.12406     0.353773
      1.97682      2.12655     0.354108
      1.99788      2.12907     0.354160
      2.01917      2.13184     0.353763
      2.04068      2.13399     0.353111
      2.06242      2.13573     0.352432
      2.08439      2.13709     0.352016
      2.10659      2.13820     0.352093
      2.12904      2.13939     0.352793
      2.15172      2.14153     0.353716
      2.17464      2.14399     0.354497
      2.19781      2.14668     0.354758
      2.22123      2.14985     0.354116
      2.24489      2.15182     0.352907
      2.26880      2.15315     0.351656
      2.29298      2.15379     0.350941
      2.31740      2.15379     0.351244
      2.34209      2.15474     0.352515
      2.36704      2.15608     0.354113
      2.39226      2.15852     0.355392
      2.41775      2.16157     0.355853
      2.44350      2.16427     0.355524
      2.46954      2.16603     0.354866
      2.49585      2.16696     0.354447
      2.52244      2.16819     0.354687
      2.54931      2.16931     0.355502
      2.57647      2.17131     0.356508
      2.60392      2.17341     0.357291
      2.63166      2.17571     0.357526
      2.65969      2.17796     0.357414
      2.68803      2.18003     0.357105
      2.71667      2.18139     0.356940
      2.74561      2.18253     0.357027
      2.77486      2.18367     0.357374
      2.80442      2.18490     0.357997
      2.83430      2.18639     0.358951
      2.86449      2.18836     0.359878
      2.89501      2.19058     0.360556
      2.92585      2.19313     0.360726
      2.95702      2.19517     0.360465
      2.98852      2.19655     0.360123
      3.02036      2.19794     0.360013
      3.05254      2.19903     0.360242
      3.08506      2.20026     0.360732
      3.11793      2.20164     0.361428
      3.15114      2.20299     0.362178
      3.18472      2.20454     0.362716
      3.21864      2.20613     0.362898
      3.25293      2.20743     0.362905
      3.28759      2.20768     0.363469
      3.32261      2.20804     0.365202
      3.35801      2.20936     0.367760
      3.39379      2.21203     0.370263
      3.42994      2.21589     0.371637
      3.46648      2.21923     0.371748
      3.50341      2.22215     0.371177
      3.54074      2.22437     0.370290
      3.57846      2.22610     0.369431
      3.61658      2.22726     0.368918
      3.65511      2.22802     0.368895
      3.69405      2.22888     0.369218
      3.73340      2.22981     0.369781
      3.77318      2.23137     0.370400
      3.81338      2.23258     0.370844
      3.85400      2.23405     0.371194
      3.89506      2.23479     0.371680
      3.93656      2.23606     0.372580
      3.97849      2.23718     0.373671
      4.02088      2.23933     0.374431
      4.06372      2.24139     0.374612
      4.10701      2.24311     0.374345
      4.15076      2.24411     0.373868
      4.19498      2.24429     0.373919
      4.23968      2.24439     0.374957
      4.28484      2.24553     0.376457
      4.33049      2.24735     0.377476
      4.37663      2.24921     0.377780
      4.42325      2.25056     0.377989
      4.47038      2.25172     0.378204
      4.51800      2.25287     0.378286
      4.56614      2.25354     0.378247
      4.61478      2.25405     0.378496
      4.66394      2.25422     0.379286
      4.71363      2.25508     0.380386
      4.76385      2.25658     0.381399
      4.81460      2.25846     0.381816
      4.86589      2.25973     0.381414
      4.91773      2.26055     0.380765
      4.97012      2.26134     0.380087
      5.02307      2.26162     0.379195
      5.07659      2.26111     0.378175
      5.13067      2.25991     0.377472
      5.18533      2.25824     0.377596
      5.24057      2.25681     0.378680
      5.29640      2.25604     0.379988
      5.35283      2.25619     0.380287
      5.40986      2.25519     0.379654
      5.46749      2.25287     0.378912
      5.52573      2.24979     0.379686
      5.58461      2.24668     0.382258
      5.64410      2.24450     0.384644
      5.70423      2.24212     0.387553
      5.76500      2.24046     0.391883
      5.82642      2.24097     0.395157
      5.88849      2.24149     0.395929
      5.95122      2.24002     0.396418
      6.01462      2.23715     0.397644
      6.07870      2.23417     0.399935
      6.14346      2.23093     0.403529
      6.20891      2.22887     0.408261
      6.27506      2.22799     0.412872
      6.34191      2.22796     0.416403
      6.40947      2.22766     0.418938
      6.47776      2.22667     0.421541
      6.54677      2.22547     0.424088
      6.61651      2.22412     0.426763
      6.68700      2.22337     0.429342
      6.75824      2.22249     0.430251
      6.83024      2.21995     0.429908
      6.90301      2.21564     0.429924
      6.97655      2.20882     0.431545
      7.05087      2.20269     0.435679
      7.12599      2.19752     0.439770
      7.20191      2.19121     0.442828
      7.27863      2.18492     0.447860
      7.35618      2.17822     0.453208
      7.43454      2.17037     0.457504
      7.51375      2.16217     0.462214
      7.59380      2.15142     0.470856
      7.67470      2.14021     0.479460
      7.75646      2.12863     0.491014
      7.83910      2.11956     0.508337
      7.92261      2.11140     0.522331
      8.00702      2.10147     0.535546
      8.09232      2.09496     0.557082
      8.17853      2.08958     0.579243
      8.26566      2.08397     0.601465
      8.35372      2.08490     0.623308
      8.44271      2.08675     0.643467
      8.53266      2.08815     0.662759
      8.62356      2.08882     0.682004
      8.71543      2.08847     0.703473
      8.80828      2.08976     0.727522
      8.90212      2.09169     0.751779
      8.99696      2.09407     0.781204
      9.09281      2.10359     0.813423
      9.18968      2.11954     0.845161
      9.28758      2.13951     0.872561
      9.38653      2.16152     0.898728
      9.48653      2.18810     0.920621
      9.58759      2.21555     0.937868
      9.68973      2.24272     0.951351
      9.79297      2.26782     0.961001
      9.89729      2.29194     0.969931
      10.0027      2.31406     0.976781
      10.1093      2.33428     0.985132
      10.2170      2.35511     0.994518
      10.3258      2.37811      1.00728
      10.4359      2.40798      1.01408
      10.5470      2.43581      1.01729
      10.6594      2.46463      1.01779
      10.7730      2.49037      1.01359
      10.8877      2.51418      1.00803
      11.0037      2.53462      1.00235
      11.1209      2.55438     0.998224
      11.2394      2.57553     0.992768
      11.3592      2.59475     0.984569
      11.4802      2.61228     0.976972
      11.6025      2.62905     0.969938
      11.7261      2.64617     0.962855
      11.8510      2.66539     0.952912
      11.9773      2.68156     0.939904
      12.1049      2.69491     0.926082
      12.2338      2.70551     0.913574
      12.3642      2.71630     0.902544
      12.4959      2.72682     0.888814
      12.6290      2.73617     0.875064
      12.7635      2.74339     0.861286
      12.8995      2.75060     0.844176
      13.0370      2.75194     0.828898
      13.1758      2.75338     0.815591
      13.3162      2.75403     0.801498
      13.4581      2.75336     0.786532
      13.6015      2.74794     0.773377
      13.7464      2.74221     0.760168
      13.8928      2.73299     0.750149
      14.0408      2.72182     0.740898
      14.1904      2.71040     0.735703
      14.3416      2.69689     0.731523
      14.4944      2.68427     0.733564
      14.6488      2.67294     0.734696
      14.8048      2.66071     0.740153
      14.9626      2.65208     0.747037
      15.1220      2.64487     0.753285
      15.2831      2.63713     0.760136
      15.4459      2.62961     0.770479
      15.6104      2.62481     0.779610
      15.7767      2.61960     0.790014
      15.9448      2.61510     0.800029
      16.1147      2.60995     0.812025
      16.2864      2.60644     0.825007
      16.4599      2.60451     0.838265
      16.6352      2.60313     0.853475
      16.8125      2.60241     0.868350
      16.9916      2.60369     0.884635
      17.1726      2.60546     0.900609
      17.3556      2.61139     0.916999
      17.5404      2.61683     0.931659
      17.7273      2.62070     0.947401
      17.9162      2.62851     0.964258
      18.1070      2.63735     0.979182
      18.2999      2.64603     0.993012
      18.4949      2.65618      1.00800
      18.6919      2.66699      1.02481
      18.8911      2.67993      1.03833
      19.0923      2.69345      1.05064
      19.2957      2.70704      1.06343
      19.5013      2.72218      1.07351
      19.7091      2.73798      1.08373
      19.9190      2.75232      1.09402
      20.1312      2.76786      1.10641
      20.3457      2.78743      1.11461
      20.5625      2.80574      1.11964
      20.7815      2.82247      1.12223
      21.0029      2.83749      1.12459
      21.2267      2.85100      1.12694
      21.4528      2.86377      1.13010
      21.6814      2.87633      1.13445
      21.9123      2.89045      1.13928
      22.1458      2.90497      1.14371
      22.3817      2.92050      1.14549
      22.6202      2.93507      1.14654
      22.8612      2.94739      1.14620
      23.1047      2.95905      1.14712
      23.3509      2.97051      1.14885
      23.5996      2.98242      1.15095
      23.8510      2.99430      1.15304
      24.1051      3.00479      1.15448
      24.3619      3.01550      1.15660
      24.6215      3.02681      1.15988
      24.8838      3.03886      1.16282
      25.1489      3.05070      1.16497
      25.4168      3.06213      1.16629
      25.6876      3.07368      1.16766
      25.9613      3.08521      1.16874
      26.2378      3.09733      1.16918
      26.5174      3.10896      1.16960
      26.7999      3.12019      1.16999
      27.0854      3.13161      1.17080
      27.3739      3.14255      1.17176
      27.6656      3.15379      1.17328
      27.9603      3.16498      1.17482
      28.2582      3.17618      1.17666
      28.5592      3.18757      1.17835
      28.8635      3.19902      1.17992
      29.1710      3.21097      1.18195
      29.4817      3.22336      1.18403
      29.7958      3.23659      1.18617
      30.1133      3.24998      1.18747
      30.4341      3.26200      1.18759
      30.7583      3.27448      1.18751
      31.0860      3.28660      1.18769
      31.4172      3.29970      1.18795
      31.7519      3.31382      1.18793
      32.0901      3.32825      1.18619
      32.4320      3.34245      1.18256
      32.7775      3.35517      1.17824
      33.1267      3.36681      1.17411
      33.4796      3.37721      1.17076
      33.8363      3.38596      1.16813
      34.1968      3.39464      1.16584
      34.5611      3.40379      1.16396
      34.9293      3.41259      1.16169
      35.3014      3.42187      1.15920
      35.6775      3.43050      1.15627
      36.0576      3.43889      1.15366
      36.4417      3.44683      1.15217
      36.8300      3.45536      1.15044
      37.2223      3.46369      1.14894
      37.6189      3.47172      1.14736
      38.0197      3.47942      1.14692
      38.4247      3.48804      1.14731
      38.8341      3.49830      1.14807
      39.2478      3.50944      1.14694
      39.6659      3.51966      1.14412
      40.0885      3.52832      1.14106
      40.5156      3.53513      1.13990
      40.9472      3.54232      1.14080
      41.3834      3.55078      1.14333
      41.8243      3.56060      1.14598
      42.2699      3.57260      1.14650
      42.7202      3.58426      1.14550
      43.1753      3.59561      1.14428
      43.6353      3.60732      1.14336
      44.1002      3.61977      1.14153
      44.5700      3.63164      1.13769
      45.0448      3.64244      1.13359
      45.5247      3.65173      1.13009
      46.0097      3.66105      1.12655
      46.4999      3.66956      1.12205
      46.9953      3.67723      1.11868
      47.4959      3.68469      1.11664
      48.0019      3.69390      1.11494
      48.5133      3.70323      1.11168
      49.0302      3.71190      1.10855
      49.5525      3.72004      1.10593
      50.0804      3.72838      1.10355
      50.6140      3.73643      1.10068
      51.1532      3.74361      1.09879
      51.6982      3.75201      1.09766
      52.2489      3.76091      1.09556
      52.8056      3.76953      1.09240
      53.3681      3.77715      1.08978
      53.9367      3.78459      1.08847
      54.5113      3.79349      1.08697
      55.0920      3.80287      1.08433
      55.6790      3.81193      1.08024
      56.2721      3.81940      1.07688
      56.8716      3.82637      1.07445
      57.4775      3.83427      1.07201
      58.0898      3.84222      1.06922
      58.7087      3.84937      1.06612
      59.3342      3.85607      1.06418
      59.9663      3.86396      1.06354
      60.6051      3.87296      1.06083
      61.2508      3.88130      1.05709
      61.9033      3.88906      1.05378
      62.5628      3.89620      1.04962
      63.2293      3.90206      1.04647
      63.9029      3.90849      1.04508
      64.5838      3.91623      1.04385
      65.2718      3.92488      1.04081
      65.9671      3.93162      1.03651
      66.6700      3.93824      1.03443
      67.3802      3.94611      1.03100
      68.0981      3.95247      1.02616
      68.8235      3.95742      1.02357
      69.5568      3.96339      1.02146
      70.2978      3.96950      1.01865
      71.0467      3.97569      1.01596
      71.8036      3.98150      1.01347
      72.5685      3.98641      1.01008
      73.3417      3.99059      1.00875
      74.1230      3.99679      1.00822
      74.9127      4.00244      1.00520
      75.7108      4.00788      1.00523
      76.5173      4.01480      1.00315
      77.3325      4.02027      1.00117
      78.1564      4.02632      1.00023
      78.9891      4.03150     0.996636
      79.8306      4.03550     0.996233
      80.6811      4.04056     0.996644
      81.5406      4.04634     0.996718
      82.4092      4.05277     0.996712
      83.2872      4.05876     0.996333
      84.1745      4.06555     0.996434
      85.0713      4.07214     0.996213
      85.9776      4.07943     0.996489
      86.8935      4.08829     0.996769
      87.8193      4.09396     0.992133
      88.7548      4.09840     0.993717
      89.7004      4.10686     0.995812
      90.6560      4.11519     0.995306
      91.6218      4.12465     0.995637
      92.5979      4.13432     0.991773
      93.5844      4.14070     0.988288
      94.5814      4.14828     0.988358
      95.5890      4.15707     0.984130
      96.6074      4.16056     0.980025
      97.6366      4.16510     0.983141
      98.6768      4.17506     0.984898
      99.7281      4.18646     0.984262
      100.790      4.19691     0.977966
      101.864      4.20442     0.974918
      102.950      4.21142     0.969025
      104.046      4.21674     0.966331
      105.155      4.22495     0.963843
      106.275      4.23014     0.956167
      107.407      4.23340     0.954418
      108.551      4.23883     0.951983
      109.708      4.24391     0.949594
      110.877      4.24956     0.946879
      112.058      4.25499     0.944049
      113.252      4.26041     0.941129
      114.458      4.26519     0.938024
      115.678      4.26993     0.935296
      116.910      4.27186     0.931550
      118.156      4.27578     0.934347
      119.414      4.28164     0.933206
      120.687      4.28774     0.932495
      121.972      4.29406     0.931099
      123.272      4.29912     0.927334
      124.585      4.30231     0.926352
      125.912      4.30678     0.926925
      127.254      4.31329     0.927063
      128.609      4.32076     0.925810
      129.980      4.32662     0.922158
      131.364      4.33022     0.919699
      132.764      4.33439     0.919430
      134.178      4.34000     0.919252
      135.607      4.34563     0.917578
      137.052      4.35089     0.916122
      138.512      4.35563     0.914314
      139.988      4.35957     0.913415
      141.479      4.36455     0.912959
      142.987      4.36969     0.911399
      144.510      4.37451     0.909576
      146.050      4.37870     0.907417
      147.606      4.38174     0.905687
      149.178      4.38463     0.904865
      150.767      4.38702     0.905688
      152.374      4.38997     0.907823
      153.997      4.39414     0.910889
      155.637      4.39947     0.914008
      157.296      4.40663     0.916788
      158.971      4.41477     0.918651
      160.665      4.42363     0.918553
      162.376      4.43213     0.916887
      164.106      4.43942     0.914270
      165.855      4.44553     0.910628
      167.622      4.45018     0.907274
      169.407      4.45381     0.904583
      171.212      4.45611     0.902574
      173.036      4.45885     0.902406
      174.880      4.46163     0.902908
      176.743      4.46498     0.904867
      178.626      4.46871     0.907188
      180.529      4.47365     0.909648
      182.452      4.47884     0.912084
      184.396      4.48488     0.914668
      186.360      4.49133     0.916601
      188.346      4.49853     0.918778
      190.352      4.50555     0.919813
      192.380      4.51303     0.920713
      194.429      4.52067     0.921170
      196.501      4.52798     0.921233
      198.594      4.53565     0.921080
      200.710      4.54280     0.920367
      202.848      4.54988     0.919737
      205.009      4.55663     0.919049
      207.193      4.56312     0.918144
      209.401      4.56905     0.917138
      211.632      4.57471     0.916036
      213.886      4.57996     0.915403
      216.165      4.58480     0.914877
      218.468      4.58964     0.915070
      220.795      4.59456     0.916366
      223.147      4.59992     0.918085
      225.525      4.60632     0.920157
      227.927      4.61327     0.922155
      230.356      4.62150     0.923949
      232.810      4.63012     0.924606
      235.290      4.63823     0.924294
      237.797      4.64650     0.923820
      240.330      4.65417     0.922563
      242.890      4.66202     0.921600
      245.478      4.66958     0.920199
      248.093      4.67686     0.918783
      250.736      4.68324     0.916792
      253.408      4.68970     0.915080
      256.107      4.69606     0.913058
      258.836      4.70181     0.911147
      261.593      4.70706     0.909406
      264.380      4.71171     0.907913
      267.197      4.71580     0.907079
      270.043      4.71989     0.907320
      272.920      4.72468     0.908574
      275.828      4.73031     0.910288
      278.766      4.73711     0.912204
      281.736      4.74483     0.913240
      284.738      4.75268     0.913250
      287.771      4.76008     0.912584
      290.837      4.76689     0.911733
      293.935      4.77391     0.911298
      297.067      4.78087     0.910414
      300.231      4.78808     0.909534
      303.430      4.79490     0.908596
      306.663      4.80094     0.907053
      309.930      4.80726     0.906098
      313.231      4.81305     0.905557
      316.569      4.81909     0.904998
      319.941      4.82512     0.904872
      323.349      4.83134     0.904842
      326.794      4.83857     0.904600
      330.276      4.84572     0.903683
      333.794      4.85283     0.902493
      337.351      4.85949     0.900807
      340.945      4.86587     0.899191
      344.577      4.87220     0.897982
      348.248      4.87914     0.896411
      351.958      4.88572     0.894066
      355.708      4.89144     0.891481
      359.497      4.89559     0.889120
      363.327      4.89943     0.888564
      367.198      4.90400     0.889029
      371.110      4.91038     0.889740
      375.063      4.91686     0.889134
      379.059      4.92325     0.887428
      383.097      4.92825     0.885083
      387.178      4.93166     0.882976
      391.303      4.93397     0.883427
      395.472      4.93812     0.886763
      399.686      4.94527     0.889773
      403.943      4.95347     0.890689
      408.247      4.96074     0.889691
      412.596      4.96678     0.889749
      416.992      4.97376     0.890462
      421.435      4.98138     0.890499
      425.924      4.98896     0.889472
      430.462      4.99560     0.888276
      435.048      5.00234     0.888075
      439.683      5.00967     0.887592
      444.367      5.01758     0.886086
      449.101      5.02478     0.883763
      453.885      5.03181     0.881486
      458.720      5.03817     0.879214
      463.608      5.04416     0.876952
      468.547      5.04969     0.874704
      473.539      5.05510     0.872446
      478.583      5.06038     0.870180
      483.682      5.06522     0.868172
      488.835      5.07012     0.866452
      494.042      5.07497     0.864736
      499.306      5.07928     0.863020
      504.625      5.08360     0.861615
      510.001      5.08798     0.860576
      515.434      5.09240     0.859527
      520.926      5.09625     0.858950
      526.475      5.10051     0.858033
      532.084      5.10456     0.857771
      537.753      5.10860     0.857821
      543.482      5.11285     0.857865
      549.272      5.11681     0.858014
      555.123      5.12119     0.858881
      561.038      5.12557     0.859835
      567.014      5.13034     0.860889
      573.055      5.13525     0.862099
      579.160      5.14031     0.863315
      585.331      5.14583     0.864750
      591.566      5.15133     0.866183
      597.868      5.15724     0.867371
      604.238      5.16343     0.869071
      610.675      5.17006     0.870302
      617.181      5.17671     0.871531
      623.756      5.18371     0.872404
      630.402      5.19098     0.873109
      637.117      5.19828     0.873798
      643.905      5.20577     0.874290
      650.765      5.21330     0.874138
      657.697      5.22105     0.874151
      664.704      5.22838     0.873361
      671.786      5.23592     0.872820
      678.943      5.24331     0.871636
      686.176      5.25071     0.870525
      693.486      5.25744     0.869158
      700.874      5.26446     0.867706
      708.341      5.27110     0.866275
      715.887      5.27768     0.864550
      723.514      5.28392     0.862968
      731.222      5.29045     0.861080
      739.012      5.29632     0.859514
      746.885      5.30208     0.857782
      754.842      5.30779     0.856028
      762.883      5.31373     0.854522
      771.011      5.31927     0.853026
      779.225      5.32475     0.851274
      787.526      5.32997     0.849875
      795.916      5.33530     0.848477
      804.396      5.34085     0.847094
      812.966      5.34599     0.845726
      821.626      5.35128     0.844127
      830.380      5.35660     0.842539
      839.226      5.36176     0.841157
      848.167      5.36678     0.839780
      857.203      5.37158     0.838410
      866.335      5.37631     0.836757
      875.565      5.38093     0.835208
      884.892      5.38537     0.833837
      894.320      5.38971     0.832581
      903.848      5.39387     0.831548
      913.476      5.39808     0.830527
      923.208      5.40204     0.829314
      933.044      5.40593     0.828567
      942.984      5.40953     0.828329
      953.030      5.41323     0.828088
      963.183      5.41704     0.827844
      973.445      5.42098     0.828062
      983.815      5.42453     0.828367
      994.296      5.42853     0.828880
      1004.89      5.43238     0.829423
      1015.59      5.43697     0.830218
      1026.41      5.44096     0.831096
      1037.35      5.44526     0.832143
      1048.40      5.44949     0.833317
      1059.57      5.45375     0.834483
      1070.86      5.45871     0.835472
      1082.27      5.46329     0.836920
      1093.80      5.46788     0.838119
      1105.45      5.47264     0.839282
      1117.23      5.47772     0.840763
      1129.13      5.48268     0.842600
      1141.16      5.48765     0.843989
      1153.31      5.49292     0.845631
      1165.60      5.49822     0.847602
      1178.02      5.50381     0.849142
      1190.57      5.50946     0.851112
      1203.25      5.51496     0.853209
      1216.07      5.52095     0.855442
      1229.03      5.52663     0.857345
      1242.12      5.53356     0.859925
      1255.35      5.53978     0.862435
      1268.73      5.54647     0.864735
      1282.25      5.55358     0.867078
      1295.91      5.56142     0.869660
      1309.71      5.56888     0.871617
      1323.66      5.57696     0.873999
      1337.77      5.58536     0.875706
      1352.02      5.59410     0.877126
      1366.42      5.60287     0.878502
      1380.98      5.61173     0.879363
      1395.69      5.62068     0.880019
      1410.56      5.63004     0.880339
      1425.59      5.63931     0.880665
      1440.78      5.64839     0.880892
      1456.12      5.65783     0.880650
      1471.64      5.66736     0.880407
      1487.32      5.67742     0.880159
      1503.16      5.68750     0.879010
      1519.17      5.69856     0.877483
      1535.36      5.70950     0.874823
      1551.72      5.72010     0.871290
      1568.25      5.73084     0.866735
      1584.96      5.74050     0.861654
      1601.84      5.74909     0.855725
      1618.91      5.75712     0.849210
      1636.15      5.76422     0.842569
      1653.58      5.77048     0.835229
      1671.20      5.77525     0.828734
      1689.00      5.77955     0.822221
      1707.00      5.78309     0.816173
      1725.18      5.78603     0.810550
      1743.56      5.78831     0.805415
      1762.14      5.79002     0.800871
      1780.91      5.79172     0.796839
      1799.88      5.79310     0.793060
      1819.06      5.79386     0.789831
      1838.44      5.79484     0.786942
      1858.03      5.79512     0.784422
      1877.82      5.79545     0.782358
      1897.82      5.79515     0.780766
      1918.04      5.79416     0.779077
      1938.48      5.79169     0.777794
      1959.13      5.78680     0.776801
      1980.00      5.76901     0.776171
