3.0   1500.

    0.0500000     0.860594     0.317289
    0.0505327     0.860335     0.323112
    0.0510710     0.860105     0.328987
    0.0516151     0.859885     0.334947
    0.0521650     0.858885     0.341040
    0.0527207     0.857810     0.347226
    0.0532824     0.856743     0.353474
    0.0538500     0.855680     0.359806
    0.0544237     0.853479     0.367461
    0.0550035     0.851125     0.375330
    0.0555895     0.848795     0.383312
    0.0561818     0.846440     0.391390
    0.0567803     0.844436     0.401845
    0.0573852     0.842566     0.413402
    0.0579965     0.840706     0.425097
    0.0586144     0.838876     0.436913
    0.0592389     0.838152     0.449613
    0.0598700     0.839932     0.463973
    0.0605078     0.841758     0.478510
    0.0611524     0.843636     0.493214
    0.0618039     0.845565     0.508057
    0.0624623     0.850253     0.522633
    0.0631278     0.856117     0.537216
    0.0638003     0.862090     0.551923
    0.0644800     0.868157     0.566808
    0.0651670     0.874330     0.581804
    0.0658612     0.883219     0.595490
    0.0665629     0.892617     0.609100
    0.0672720     0.902144     0.622852
    0.0679887     0.911829     0.636751
    0.0687130     0.921654     0.650756
    0.0694450     0.933591     0.662974
    0.0701849     0.946307     0.674739
    0.0709326     0.959184     0.686570
    0.0716883     0.972265     0.698532
    0.0724520     0.985511     0.710636
    0.0732239     0.999743     0.721496
    0.0740040      1.01549     0.730236
    0.0747924      1.03144     0.739052
    0.0755892      1.04760     0.747926
    0.0763945      1.06399     0.756895
    0.0772083      1.08062     0.765952
    0.0780309      1.09837     0.769850
    0.0788622      1.11686     0.771056
    0.0797023      1.13562     0.772250
    0.0805514      1.15463     0.773422
    0.0814096      1.17396     0.774625
    0.0822769      1.19358     0.775794
    0.0831534      1.20460     0.776474
    0.0840393      1.20904     0.776747
    0.0849346      1.21360     0.776933
    0.0858395      1.21831     0.777060
    0.0867540      1.22314     0.777111
    0.0876782      1.22817     0.777046
    0.0886123      1.23371     0.777632
    0.0895563      1.24781     0.791584
    0.0905104      1.26203     0.805517
    0.0914747      1.27848     0.817113
    0.0924492      1.29989     0.823582
    0.0934341      1.32101     0.829176
    0.0944295      1.34126     0.831628
    0.0954355      1.36173     0.833837
    0.0964523      1.38168     0.833985
    0.0974798      1.40173     0.834039
    0.0985183      1.42145     0.832939
    0.0995679      1.44150     0.831541
     0.100629      1.46236     0.828789
     0.101701      1.48388     0.825046
     0.102784      1.50553     0.819086
     0.103879      1.52657     0.807819
     0.104986      1.54801     0.796323
     0.106104      1.56122     0.785131
     0.107235      1.57446     0.773707
     0.108377      1.58699     0.763044
     0.109532      1.59871     0.753198
     0.110699      1.61033     0.743172
     0.111878      1.62117     0.733810
     0.113070      1.63152     0.724596
     0.114274      1.64198     0.715176
     0.115492      1.65187     0.706075
     0.116722      1.66171     0.697189
     0.117966      1.67135     0.688063
     0.119223      1.68040     0.679466
     0.120493      1.68931     0.670713
     0.121776      1.69832     0.661920
     0.123074      1.70712     0.653342
     0.124385      1.71570     0.644710
     0.125710      1.72397     0.636197
     0.127049      1.73221     0.627749
     0.128403      1.74064     0.619294
     0.129771      1.74889     0.610927
     0.131153      1.75720     0.602688
     0.132550      1.76567     0.594507
     0.133963      1.77424     0.586227
     0.135390      1.78335     0.577928
     0.136832      1.79267     0.569508
     0.138290      1.80278     0.560943
     0.139763      1.81325     0.552043
     0.141252      1.82519     0.542509
     0.142757      1.83861     0.531241
     0.144278      1.85315     0.516611
     0.145815      1.86643     0.498226
     0.147368      1.87537     0.477001
     0.148938      1.88359     0.455666
     0.150525      1.88465     0.433342
     0.152129      1.88512     0.411065
     0.153749      1.88559     0.388886
     0.155387      1.88458     0.367750
     0.157043      1.87870     0.349460
     0.158716      1.87286     0.331156
     0.160407      1.86633     0.313648
     0.162116      1.85774     0.299051
     0.163843      1.84874     0.284340
     0.165588      1.83936     0.270276
     0.167352      1.82911     0.259475
     0.169135      1.81877     0.248907
     0.170937      1.80808     0.240450
     0.172758      1.79751     0.234185
     0.174599      1.78689     0.228177
     0.176459      1.77632     0.222576
     0.178339      1.76575     0.217196
     0.180239      1.75549     0.212529
     0.182159      1.74646     0.210820
     0.184099      1.73749     0.209347
     0.186061      1.72869     0.208105
     0.188043      1.72009     0.207108
     0.190046      1.71168     0.206175
     0.192071      1.70486     0.207243
     0.194117      1.69820     0.208283
     0.196185      1.69196     0.209427
     0.198275      1.68582     0.210586
     0.200388      1.68020     0.211918
     0.202522      1.67542     0.214115
     0.204680      1.67064     0.216309
     0.206861      1.66593     0.218451
     0.209064      1.66130     0.220631
     0.211292      1.65721     0.223316
     0.213543      1.65356     0.226392
     0.215818      1.65007     0.229838
     0.218117      1.64717     0.233407
     0.220441      1.64476     0.237320
     0.222789      1.64283     0.241476
     0.225163      1.64115     0.245621
     0.227561      1.64038     0.249820
     0.229986      1.63981     0.253952
     0.232436      1.64003     0.257999
     0.234912      1.64033     0.261954
     0.237415      1.64092     0.265768
     0.239944      1.64192     0.269540
     0.242500      1.64336     0.273451
     0.245084      1.64530     0.277309
     0.247695      1.64762     0.280893
     0.250334      1.65024     0.284153
     0.253001      1.65343     0.286827
     0.255696      1.65670     0.289044
     0.258420      1.66004     0.290860
     0.261173      1.66339     0.292410
     0.263955      1.66690     0.293803
     0.266768      1.67022     0.294931
     0.269610      1.67341     0.295802
     0.272482      1.67663     0.296494
     0.275385      1.67990     0.296937
     0.278319      1.68332     0.297136
     0.281284      1.68669     0.296966
     0.284280      1.68966     0.296524
     0.287309      1.69225     0.296002
     0.290370      1.69481     0.295448
     0.293463      1.69707     0.295104
     0.296590      1.69952     0.294895
     0.299749      1.70190     0.294742
     0.302943      1.70429     0.294559
     0.306170      1.70658     0.294334
     0.309432      1.70881     0.294094
     0.312728      1.71108     0.293819
     0.316060      1.71365     0.293487
     0.319427      1.71615     0.293113
     0.322830      1.71860     0.292696
     0.326270      1.72081     0.292261
     0.329746      1.72323     0.291793
     0.333259      1.72562     0.291281
     0.336809      1.72788     0.290756
     0.340397      1.73035     0.290156
     0.344024      1.73245     0.289575
     0.347689      1.73491     0.288929
     0.351393      1.73724     0.288268
     0.355136      1.73952     0.287601
     0.358920      1.74170     0.286882
     0.362743      1.74388     0.286149
     0.366608      1.74612     0.285392
     0.370514      1.74815     0.284655
     0.374461      1.75043     0.283830
     0.378450      1.75256     0.283001
     0.382482      1.75467     0.282157
     0.386557      1.75675     0.281317
     0.390675      1.75906     0.280403
     0.394837      1.76102     0.279528
     0.399044      1.76310     0.278594
     0.403295      1.76527     0.277630
     0.407591      1.76725     0.276708
     0.411934      1.76928     0.275709
     0.416322      1.77116     0.274744
     0.420757      1.77295     0.273761
     0.425240      1.77490     0.272754
     0.429770      1.77658     0.271766
     0.434349      1.77846     0.270727
     0.438976      1.78029     0.269708
     0.443653      1.78218     0.268676
     0.448379      1.78392     0.267647
     0.453156      1.78566     0.266620
     0.457984      1.78738     0.265600
     0.462863      1.78911     0.264577
     0.467794      1.79083     0.263534
     0.472778      1.79255     0.262510
     0.477815      1.79397     0.261523
     0.482905      1.79554     0.260510
     0.488050      1.79712     0.259500
     0.493249      1.79864     0.258522
     0.498504      1.80008     0.257565
     0.503815      1.80158     0.256604
     0.509182      1.80321     0.255639
     0.514607      1.80463     0.254700
     0.520089      1.80606     0.253775
     0.525630      1.80740     0.252880
     0.531230      1.80858     0.251999
     0.536889      1.81000     0.251100
     0.542609      1.81142     0.250199
     0.548390      1.81252     0.249366
     0.554232      1.81402     0.248511
     0.560136      1.81541     0.247687
     0.566104      1.81680     0.246866
     0.572135      1.81808     0.246067
     0.578230      1.81954     0.245258
     0.584390      1.82072     0.244505
     0.590616      1.82207     0.243722
     0.596908      1.82338     0.242985
     0.603267      1.82456     0.242256
     0.609694      1.82602     0.241510
     0.616190      1.82720     0.240807
     0.622755      1.82837     0.240105
     0.629389      1.82956     0.239422
     0.636094      1.83102     0.238694
     0.642871      1.83218     0.238032
     0.649720      1.83336     0.237349
     0.656641      1.83453     0.236671
     0.663637      1.83578     0.236009
     0.670707      1.83700     0.235355
     0.677852      1.83823     0.234692
     0.685074      1.83946     0.234019
     0.692372      1.84069     0.233365
     0.699749      1.84191     0.232686
     0.707204      1.84314     0.232001
     0.714738      1.84437     0.231315
     0.722352      1.84538     0.230660
     0.730048      1.84655     0.230013
     0.737825      1.84772     0.229348
     0.745686      1.84861     0.228752
     0.753630      1.84968     0.228158
     0.761659      1.85068     0.227599
     0.769773      1.85157     0.227096
     0.777974      1.85248     0.226635
     0.786262      1.85338     0.226214
     0.794639      1.85429     0.225853
     0.803104      1.85524     0.225543
     0.811660      1.85622     0.225309
     0.820307      1.85731     0.225086
     0.829046      1.85846     0.224920
     0.837879      1.85945     0.224812
     0.846805      1.86073     0.224653
     0.855826      1.86205     0.224519
     0.864944      1.86336     0.224371
     0.874159      1.86468     0.224204
     0.883472      1.86600     0.224010
     0.892884      1.86758     0.223712
     0.902396      1.86898     0.223393
     0.912010      1.87045     0.223010
     0.921726      1.87196     0.222544
     0.931546      1.87331     0.222043
     0.941470      1.87460     0.221506
     0.951500      1.87600     0.220920
     0.961637      1.87722     0.220336
     0.971882      1.87841     0.219754
     0.982235      1.87968     0.219137
     0.992700      1.88086     0.218557
      1.00328      1.88180     0.218006
      1.01396      1.88293     0.217462
      1.02477      1.88392     0.216973
      1.03568      1.88486     0.216524
      1.04672      1.88581     0.216082
      1.05787      1.88678     0.215676
      1.06914      1.88751     0.215332
      1.08053      1.88847     0.215011
      1.09204      1.88940     0.214744
      1.10367      1.89037     0.214506
      1.11543      1.89131     0.214317
      1.12732      1.89233     0.214149
      1.13933      1.89328     0.214030
      1.15146      1.89423     0.213909
      1.16373      1.89538     0.213768
      1.17613      1.89644     0.213611
      1.18866      1.89735     0.213464
      1.20132      1.89856     0.213242
      1.21412      1.89963     0.212985
      1.22705      1.90070     0.212689
      1.24013      1.90195     0.212366
      1.25334      1.90274     0.212095
      1.26669      1.90369     0.211854
      1.28019      1.90448     0.211671
      1.29382      1.90531     0.211556
      1.30761      1.90628     0.211487
      1.32154      1.90704     0.211552
      1.33562      1.90817     0.211629
      1.34985      1.90931     0.211725
      1.36423      1.91029     0.211821
      1.37876      1.91158     0.211874
      1.39345      1.91283     0.211825
      1.40830      1.91407     0.211689
      1.42330      1.91526     0.211455
      1.43846      1.91648     0.211159
      1.45379      1.91735     0.210872
      1.46927      1.91829     0.210587
      1.48493      1.91923     0.210354
      1.50075      1.92018     0.210204
      1.51674      1.92089     0.210200
      1.53289      1.92188     0.210256
      1.54922      1.92285     0.210386
      1.56573      1.92374     0.210518
      1.58241      1.92470     0.210672
      1.59927      1.92586     0.210757
      1.61631      1.92688     0.210794
      1.63353      1.92811     0.210754
      1.65093      1.92910     0.210686
      1.66852      1.93000     0.210649
      1.68629      1.93114     0.210579
      1.70426      1.93202     0.210595
      1.72241      1.93291     0.210669
      1.74076      1.93382     0.210792
      1.75931      1.93500     0.210903
      1.77805      1.93601     0.211045
      1.79699      1.93719     0.211134
      1.81614      1.93814     0.211187
      1.83549      1.93926     0.211203
      1.85504      1.94035     0.211225
      1.87480      1.94119     0.211285
      1.89478      1.94223     0.211382
      1.91496      1.94316     0.211590
      1.93536      1.94438     0.211836
      1.95598      1.94567     0.212042
      1.97682      1.94701     0.212155
      1.99788      1.94836     0.212109
      2.01917      1.94982     0.211803
      2.04068      1.95092     0.211381
      2.06242      1.95180     0.210962
      2.08439      1.95245     0.210702
      2.10659      1.95298     0.210726
      2.12904      1.95356     0.211093
      2.15172      1.95466     0.211545
      2.17464      1.95594     0.211904
      2.19781      1.95732     0.211965
      2.22123      1.95896     0.211510
      2.24489      1.95992     0.210792
      2.26880      1.96050     0.210077
      2.29298      1.96070     0.209685
      2.31740      1.96059     0.209883
      2.34209      1.96105     0.210577
      2.36704      1.96173     0.211436
      2.39226      1.96300     0.212072
      2.41775      1.96457     0.212230
      2.44350      1.96587     0.211961
      2.46954      1.96662     0.211549
      2.49585      1.96694     0.211309
      2.52244      1.96746     0.211421
      2.54931      1.96795     0.211856
      2.57647      1.96892     0.212359
      2.60392      1.96994     0.212734
      2.63166      1.97104     0.212801
      2.65969      1.97210     0.212678
      2.68803      1.97305     0.212456
      2.71667      1.97361     0.212343
      2.74561      1.97406     0.212378
      2.77486      1.97447     0.212553
      2.80442      1.97493     0.212873
      2.83430      1.97554     0.213363
      2.86449      1.97641     0.213817
      2.89501      1.97740     0.214125
      2.92585      1.97854     0.214140
      2.95702      1.97939     0.213943
      2.98852      1.97987     0.213730
      3.02036      1.98035     0.213645
      3.05254      1.98069     0.213756
      3.08506      1.98111     0.214004
      3.11793      1.98160     0.214365
      3.15114      1.98207     0.214762
      3.18472      1.98263     0.215036
      3.21864      1.98319     0.215116
      3.25293      1.98358     0.215113
      3.28759      1.98341     0.215443
      3.32261      1.98333     0.216398
      3.35801      1.98380     0.217759
      3.39379      1.98500     0.219028
      3.42994      1.98675     0.219618
      3.46648      1.98816     0.219543
      3.50341      1.98930     0.219119
      3.54074      1.99004     0.218557
      3.57846      1.99052     0.218032
      3.61658      1.99069     0.217719
      3.65511      1.99066     0.217685
      3.69405      1.99064     0.217823
      3.73340      1.99067     0.218086
      3.77318      1.99104     0.218351
      3.81338      1.99120     0.218537
      3.85400      1.99149     0.218662
      3.89506      1.99135     0.218884
      3.93656      1.99147     0.219299
      3.97849      1.99150     0.219821
      4.02088      1.99207     0.220120
      4.06372      1.99255     0.220113
      4.10701      1.99283     0.219882
      4.15076      1.99266     0.219558
      4.19498      1.99202     0.219533
      4.23968      1.99138     0.220035
      4.28484      1.99130     0.220736
      4.33049      1.99155     0.221149
      4.37663      1.99178     0.221178
      4.42325      1.99172     0.221180
      4.47038      1.99142     0.221185
      4.51800      1.99108     0.221120
      4.56614      1.99047     0.221010
      4.61478      1.98977     0.221060
      4.66394      1.98891     0.221408
      4.71363      1.98841     0.221887
      4.76385      1.98824     0.222289
      4.81460      1.98805     0.222356
      4.86589      1.98747     0.222020
      4.91773      1.98663     0.221575
      4.97012      1.98575     0.221116
      5.02307      1.98454     0.220570
      5.07659      1.98284     0.219997
      5.13067      1.98078     0.219621
      5.18533      1.97843     0.219702
      5.24057      1.97610     0.220281
      5.29640      1.97411     0.220945
      5.35283      1.97254     0.221041
      5.40986      1.97030     0.220705
      5.46749      1.96736     0.220373
      5.52573      1.96402     0.220863
      5.58461      1.96057     0.222292
      5.64410      1.95756     0.223581
      5.70423      1.95427     0.225153
      5.76500      1.95140     0.227419
      5.82642      1.94957     0.229032
      5.88849      1.94759     0.229353
      5.95122      1.94438     0.229618
      6.01462      1.94039     0.230324
      6.07870      1.93636     0.231578
      6.14346      1.93223     0.233505
      6.20891      1.92868     0.235931
      6.27506      1.92540     0.238133
      6.34191      1.92244     0.239729
      6.40947      1.91904     0.240742
      6.47776      1.91517     0.241786
      6.54677      1.91099     0.242762
      6.61651      1.90636     0.243704
      6.68700      1.90196     0.244552
      6.75824      1.89673     0.244423
      6.83024      1.89038     0.243712
      6.90301      1.88309     0.243261
      6.97655      1.87348     0.243639
      7.05087      1.86412     0.245177
      7.12599      1.85424     0.246756
      7.20191      1.84289     0.247987
      7.27863      1.83151     0.250136
      7.35618      1.81744     0.253426
      7.43454      1.80198     0.256509
      7.51375      1.78613     0.259812
      7.59380      1.76649     0.268996
      7.67470      1.74630     0.278346
      7.75646      1.72566     0.289754
      7.83910      1.70519     0.309467
      7.92261      1.68463     0.328077
      8.00702      1.66345     0.347648
      8.09232      1.64886     0.378455
      8.17853      1.63487     0.410069
      8.26566      1.62091     0.442290
      8.35372      1.61725     0.474287
      8.44271      1.61500     0.503800
      8.53266      1.61223     0.532041
      8.62356      1.60809     0.560408
      8.71543      1.60238     0.592145
      8.80828      1.59857     0.629052
      8.90212      1.59786     0.669033
      8.99696      1.60084     0.713530
      9.09281      1.61313     0.760830
      9.18968      1.63421     0.806598
      9.28758      1.66140     0.848076
      9.38653      1.69323     0.885597
      9.48653      1.73004     0.915113
      9.58759      1.76753     0.938965
      9.68973      1.80448     0.957156
      9.79297      1.83774     0.969661
      9.89729      1.86879     0.981441
      10.0027      1.89753     0.991842
      10.1093      1.92459      1.00429
      10.2170      1.95354      1.01782
      10.3258      1.98500      1.03374
      10.4359      2.02453      1.04274
      10.5470      2.06307      1.04686
      10.6594      2.10167      1.04485
      10.7730      2.13492      1.03790
      10.8877      2.16574      1.02946
      11.0037      2.19273      1.02178
      11.1209      2.21917      1.01414
      11.2394      2.24623      1.00481
      11.3592      2.27042     0.993049
      11.4802      2.29305     0.981201
      11.6025      2.31444     0.970565
      11.7261      2.33634     0.959308
      11.8510      2.36018     0.944655
      11.9773      2.38105     0.926783
      12.1049      2.39862     0.906509
      12.2338      2.41271     0.887041
      12.3642      2.42525     0.868878
      12.4959      2.43708     0.848633
      12.6290      2.44821     0.827982
      12.7635      2.45528     0.805854
      12.8995      2.46188     0.781462
      13.0370      2.46175     0.759183
      13.1758      2.46125     0.737951
      13.3162      2.45834     0.716655
      13.4581      2.45449     0.694740
      13.6015      2.44366     0.674458
      13.7464      2.43191     0.654036
      13.8928      2.41464     0.639087
      14.0408      2.39520     0.625401
      14.1904      2.37481     0.618171
      14.3416      2.35278     0.613602
      14.4944      2.33213     0.614947
      14.6488      2.31303     0.618521
      14.8048      2.29412     0.625012
      14.9626      2.27896     0.633824
      15.1220      2.26517     0.642853
      15.2831      2.25212     0.653673
      15.4459      2.23908     0.666398
      15.6104      2.22890     0.679805
      15.7767      2.21921     0.694535
      15.9448      2.21030     0.709557
      16.1147      2.20215     0.726491
      16.2864      2.19480     0.744099
      16.4599      2.19070     0.763200
      16.6352      2.18735     0.783648
      16.8125      2.18504     0.804024
      16.9916      2.18513     0.825153
      17.1726      2.18554     0.846263
      17.3556      2.19038     0.868347
      17.5404      2.19594     0.889826
      17.7273      2.20096     0.911756
      17.9162      2.21018     0.933026
      18.1070      2.22008     0.953431
      18.2999      2.23114     0.973058
      18.4949      2.24509     0.992865
      18.6919      2.25937      1.01370
      18.8911      2.27571      1.03108
      19.0923      2.29315      1.04621
      19.2957      2.31066      1.06166
      19.5013      2.33026      1.07400
      19.7091      2.35090      1.08543
      19.9190      2.37085      1.09690
      20.1312      2.39023      1.10680
      20.3457      2.41112      1.11302
      20.5625      2.42974      1.11847
      20.7815      2.44783      1.12251
      21.0029      2.46520      1.12632
      21.2267      2.48148      1.12919
      21.4528      2.49694      1.13247
      21.6814      2.51143      1.13646
      21.9123      2.52730      1.14127
      22.1458      2.54370      1.14607
      22.3817      2.56143      1.14772
      22.6202      2.57800      1.14859
      22.8612      2.59189      1.14785
      23.1047      2.60524      1.14873
      23.3509      2.61837      1.15071
      23.5996      2.63241      1.15262
      23.8510      2.64659      1.15443
      24.1051      2.65879      1.15522
      24.3619      2.67127      1.15661
      24.6215      2.68457      1.15961
      24.8838      2.69856      1.16214
      25.1489      2.71193      1.16307
      25.4168      2.72445      1.16314
      25.6876      2.73709      1.16323
      25.9613      2.74981      1.16315
      26.2378      2.76293      1.16273
      26.5174      2.77585      1.16228
      26.7999      2.78862      1.16180
      27.0854      2.80155      1.16155
      27.3739      2.81429      1.16137
      27.6656      2.82692      1.16151
      27.9603      2.83909      1.16168
      28.2582      2.85132      1.16201
      28.5592      2.86372      1.16226
      28.8635      2.87622      1.16244
      29.1710      2.88906      1.16288
      29.4817      2.90221      1.16335
      29.7958      2.91590      1.16386
      30.1133      2.92930      1.16369
      30.4341      2.94122      1.16242
      30.7583      2.95344      1.16104
      31.0860      2.96553      1.15978
      31.4172      2.97822      1.15856
      31.7519      2.99153      1.15720
      32.0901      3.00511      1.15487
      32.4320      3.01865      1.15146
      32.7775      3.03145      1.14763
      33.1267      3.04369      1.14387
      33.4796      3.05529      1.14050
      33.8363      3.06461      1.13760
      34.1968      3.07380      1.13487
      34.5611      3.08329      1.13236
      34.9293      3.09264      1.12962
      35.3014      3.10231      1.12674
      35.6775      3.11166      1.12359
      36.0576      3.12093      1.12060
      36.4417      3.12998      1.11822
      36.8300      3.13941      1.11569
      37.2223      3.14877      1.11327
      37.6189      3.15802      1.11080
      38.0197      3.16714      1.10900
      38.4247      3.17681      1.10766
      38.8341      3.18744      1.10653
      39.2478      3.19865      1.10435
      39.6659      3.20941      1.10119
      40.0885      3.21935      1.09786
      40.5156      3.22830      1.09556
      40.9472      3.23749      1.09441
      41.3834      3.24732      1.09411
      41.8243      3.25723      1.09347
      42.2699      3.26844      1.09164
      42.7202      3.27953      1.08893
      43.1753      3.29048      1.08607
      43.6353      3.30169      1.08336
      44.1002      3.31338      1.08011
      44.5700      3.32480      1.07571
      45.0448      3.33567      1.07114
      45.5247      3.34497      1.06675
      46.0097      3.35427      1.06230
      46.4999      3.36316      1.05728
      46.9953      3.37161      1.05287
      47.4959      3.37999      1.04917
      48.0019      3.38939      1.04566
      48.5133      3.39891      1.04123
      49.0302      3.40811      1.03685
      49.5525      3.41706      1.03274
      50.0804      3.42606      1.02872
      50.6140      3.43440      1.02439
      51.1532      3.44230      1.02058
      51.6982      3.45089      1.01717
      52.2489      3.45947      1.01319
      52.8056      3.46794      1.00858
      53.3681      3.47588      1.00424
      53.9367      3.48375      1.00061
      54.5113      3.49218     0.996865
      55.0920      3.50092     0.992450
      55.6790      3.50952     0.987193
      56.2721      3.51727     0.982312
      56.8716      3.52442     0.977990
      57.4775      3.53207     0.973635
      58.0898      3.53979     0.969058
      58.7087      3.54710     0.964277
      59.3342      3.55396     0.960152
      59.9663      3.56127     0.956763
      60.6051      3.56923     0.952177
      61.2508      3.57685     0.946984
      61.9033      3.58417     0.941996
      62.5628      3.59099     0.936596
      63.2293      3.59710     0.931749
      63.9029      3.60342     0.927893
      64.5838      3.61034     0.924132
      65.2718      3.61779     0.919315
      65.9671      3.62405     0.913856
      66.6700      3.63029     0.909609
      67.3802      3.63718     0.904614
      68.0981      3.64318     0.898857
      68.8235      3.64843     0.894337
      69.5568      3.65389     0.890110
      70.2978      3.65953     0.885492
      71.0467      3.66531     0.880961
      71.8036      3.67057     0.876576
      72.5685      3.67532     0.871660
      73.3417      3.67966     0.867946
      74.1230      3.68511     0.864689
      74.9127      3.69024     0.860005
      75.7108      3.69524     0.857093
      76.5173      3.70102     0.852990
      77.3325      3.70601     0.848927
      78.1564      3.71116     0.845528
      78.9891      3.71575     0.840646
      79.8306      3.71975     0.837539
      80.6811      3.72428     0.834964
      81.5406      3.72921     0.832189
      82.4092      3.73453     0.829329
      83.2872      3.73944     0.826330
      84.1745      3.74475     0.823594
      85.0713      3.74996     0.820651
      85.9776      3.75554     0.818029
      86.8935      3.76197     0.815432
      87.8193      3.76654     0.810116
      88.7548      3.77051     0.808302
      89.7004      3.77657     0.806797
      90.6560      3.78252     0.803812
      91.6218      3.78914     0.801239
      92.5979      3.79572     0.796418
      93.5844      3.80048     0.791882
      94.5814      3.80598     0.789272
      95.5890      3.81205     0.784259
      96.6074      3.81504     0.779551
      97.6366      3.81878     0.778812
      98.6768      3.82552     0.777168
      99.7281      3.83302     0.774131
      100.790      3.83974     0.768072
      101.864      3.84485     0.763897
      102.950      3.84963     0.758131
      104.046      3.85345     0.754322
      105.155      3.85883     0.750625
      106.275      3.86243     0.744104
      107.407      3.86510     0.740883
      108.551      3.86896     0.737208
      109.708      3.87265     0.733542
      110.877      3.87665     0.729657
      112.058      3.88054     0.725688
      113.252      3.88438     0.721769
      114.458      3.88780     0.717894
      115.678      3.89122     0.714205
      116.910      3.89307     0.710002
      118.156      3.89619     0.709348
      119.414      3.90012     0.706622
      120.687      3.90420     0.704105
      121.972      3.90839     0.701181
      123.272      3.91183     0.696962
      124.585      3.91429     0.694421
      125.912      3.91746     0.692823
      127.254      3.92175     0.690907
      128.609      3.92653     0.688178
      129.980      3.93036     0.684154
      131.364      3.93300     0.680828
      132.764      3.93602     0.678668
      134.178      3.93984     0.676495
      135.607      3.94354     0.673616
      137.052      3.94691     0.671037
      138.512      3.95000     0.668261
      139.988      3.95268     0.665988
      141.479      3.95596     0.663907
      142.987      3.95928     0.661198
      144.510      3.96244     0.658335
      146.050      3.96524     0.655287
      147.606      3.96744     0.652490
      149.178      3.96959     0.650175
      150.767      3.97143     0.648956
      152.374      3.97354     0.648631
      153.997      3.97635     0.648759
      155.637      3.97980     0.648861
      157.296      3.98424     0.648697
      158.971      3.98919     0.647979
      160.665      3.99448     0.646148
      162.376      3.99951     0.643456
      164.106      4.00386     0.640270
      165.855      4.00753     0.636549
      167.622      4.01042     0.633018
      169.407      4.01279     0.629865
      171.212      4.01447     0.627111
      173.036      4.01645     0.625324
      174.880      4.01848     0.623882
      176.743      4.02075     0.623576
      178.626      4.02322     0.623463
      180.529      4.02638     0.623365
      182.452      4.02966     0.623230
      184.396      4.03342     0.623125
      186.360      4.03738     0.622636
      188.346      4.04176     0.622231
      190.352      4.04600     0.621198
      192.380      4.05050     0.620056
      194.429      4.05506     0.618651
      196.501      4.05942     0.617028
      198.594      4.06399     0.615256
      200.710      4.06822     0.613292
      202.848      4.07237     0.611573
      205.009      4.07635     0.609823
      207.193      4.08017     0.607953
      209.401      4.08370     0.606037
      211.632      4.08708     0.604067
      213.886      4.09026     0.602352
      216.165      4.09323     0.600696
      218.468      4.09624     0.599411
      220.795      4.09933     0.598699
      223.147      4.10269     0.598179
      225.525      4.10660     0.597836
      227.927      4.11075     0.597586
      230.356      4.11558     0.597159
      232.810      4.12057     0.596094
      235.290      4.12525     0.594520
      237.797      4.13000     0.592839
      240.330      4.13443     0.590762
      242.890      4.13916     0.588875
      245.478      4.14372     0.586756
      248.093      4.14811     0.584622
      250.736      4.15163     0.582045
      253.408      4.15540     0.579585
      256.107      4.15910     0.576951
      258.836      4.16249     0.574389
      261.593      4.16551     0.571982
      264.380      4.16815     0.569760
      267.197      4.17052     0.567898
      270.043      4.17294     0.566588
      272.920      4.17578     0.565765
      275.828      4.17903     0.565195
      278.766      4.18278     0.564818
      281.736      4.18698     0.563920
      284.738      4.19119     0.562460
      287.771      4.19513     0.560652
      290.837      4.19876     0.558760
      293.935      4.20251     0.557061
      297.067      4.20621     0.555116
      300.231      4.21002     0.553173
      303.430      4.21356     0.551510
      306.663      4.21666     0.549558
      309.930      4.21993     0.547889
      313.231      4.22294     0.546452
      316.569      4.22609     0.544981
      319.941      4.22923     0.543726
      323.349      4.23249     0.542499
      326.794      4.23625     0.541103
      330.276      4.23995     0.539348
      333.794      4.24359     0.537443
      337.351      4.24699     0.535290
      340.945      4.25023     0.533176
      344.577      4.25348     0.531263
      348.248      4.25701     0.529122
      351.958      4.26028     0.526865
      355.708      4.26309     0.524572
      359.497      4.26509     0.522464
      363.327      4.26702     0.521293
      367.198      4.26938     0.520604
      371.110      4.27268     0.519945
      375.063      4.27596     0.518596
      379.059      4.27913     0.516677
      383.097      4.28157     0.514488
      387.178      4.28319     0.512491
      391.303      4.28438     0.511850
      395.472      4.28665     0.512589
      399.686      4.29042     0.513058
      403.943      4.29461     0.512566
      408.247      4.29822     0.511135
      412.596      4.30125     0.510296
      416.992      4.30479     0.509737
      421.435      4.30862     0.508795
      425.924      4.31237     0.507306
      430.462      4.31563     0.505770
      435.048      4.31899     0.504727
      439.683      4.32263     0.503505
      444.367      4.32651     0.501728
      449.101      4.32998     0.499586
      453.885      4.33339     0.497625
      458.720      4.33647     0.495695
      463.608      4.33934     0.493784
      468.547      4.34199     0.491899
      473.539      4.34457     0.490011
      478.583      4.34709     0.488121
      483.682      4.34939     0.486377
      488.835      4.35174     0.484771
      494.042      4.35406     0.483164
      499.306      4.35611     0.481578
      504.625      4.35820     0.480257
      510.001      4.36034     0.479128
      515.434      4.36251     0.477987
      520.926      4.36441     0.477106
      526.475      4.36649     0.476031
      532.084      4.36850     0.475289
      537.753      4.37052     0.474700
      543.482      4.37265     0.474092
      549.272      4.37463     0.473564
      555.123      4.37684     0.473443
      561.038      4.37907     0.473361
      567.014      4.38148     0.473305
      573.055      4.38397     0.473315
      579.160      4.38654     0.473315
      585.331      4.38934     0.473397
      591.566      4.39214     0.473472
      597.868      4.39512     0.473401
      604.238      4.39832     0.473627
      610.675      4.40172     0.473595
      617.181      4.40512     0.473557
      623.756      4.40868     0.473336
      630.402      4.41235     0.473024
      637.117      4.41603     0.472699
      643.905      4.41980     0.472285
      650.765      4.42355     0.471550
      657.697      4.42741     0.470882
      664.704      4.43102     0.469856
      671.786      4.43474     0.468938
      678.943      4.43835     0.467714
      686.176      4.44197     0.466541
      693.486      4.44524     0.465274
      700.874      4.44864     0.463953
      708.341      4.45185     0.462689
      715.887      4.45502     0.461282
      723.514      4.45802     0.459961
      731.222      4.46115     0.458475
      739.012      4.46398     0.457177
      746.885      4.46673     0.455802
      754.842      4.46946     0.454435
      762.883      4.47231     0.453189
      771.011      4.47497     0.451966
      779.225      4.47757     0.450620
      787.526      4.48007     0.449457
      795.916      4.48263     0.448287
      804.396      4.48531     0.447144
      812.966      4.48781     0.446034
      821.626      4.49037     0.444803
      830.380      4.49295     0.443575
      839.226      4.49545     0.442452
      848.167      4.49789     0.441338
      857.203      4.50023     0.440235
      866.335      4.50251     0.438998
      875.565      4.50475     0.437814
      884.892      4.50690     0.436724
      894.320      4.50901     0.435692
      903.848      4.51107     0.434792
      913.476      4.51318     0.433921
      923.208      4.51517     0.432966
      933.044      4.51714     0.432239
      942.984      4.51900     0.431767
      953.030      4.52090     0.431288
      963.183      4.52286     0.430800
      973.445      4.52491     0.430524
      983.815      4.52677     0.430308
      994.296      4.52885     0.430167
      1004.89      4.53084     0.430062
      1015.59      4.53316     0.430060
      1026.41      4.53520     0.430124
      1037.35      4.53739     0.430252
      1048.40      4.53956     0.430441
      1059.57      4.54174     0.430622
      1070.86      4.54424     0.430683
      1082.27      4.54659     0.430978
      1093.80      4.54892     0.431152
      1105.45      4.55134     0.431297
      1117.23      4.55393     0.431575
      1129.13      4.55647     0.432026
      1141.16      4.55900     0.432259
      1153.31      4.56168     0.432595
      1165.60      4.56439     0.433084
      1178.02      4.56722     0.433349
      1190.57      4.57010     0.433813
      1203.25      4.57293     0.434352
      1216.07      4.57609     0.434965
      1229.03      4.57909     0.435433
      1242.12      4.58268     0.436160
      1255.35      4.58586     0.436898
      1268.73      4.58924     0.437510
      1282.25      4.59282     0.438119
      1295.91      4.59676     0.438799
      1309.71      4.60048     0.439200
      1323.66      4.60451     0.439766
      1337.77      4.60867     0.439996
      1352.02      4.61296     0.440071
      1366.42      4.61725     0.440120
      1380.98      4.62157     0.439921
      1395.69      4.62591     0.439619
      1410.56      4.63042     0.439137
      1425.59      4.63488     0.438661
      1440.78      4.63926     0.438146
      1456.12      4.64377     0.437393
      1471.64      4.64831     0.436634
      1487.32      4.65310     0.435844
      1503.16      4.65784     0.434646
      1519.17      4.66298     0.433269
      1535.36      4.66800     0.431376
      1551.72      4.67282     0.429099
      1568.25      4.67764     0.426349
      1584.96      4.68194     0.423413
      1601.84      4.68570     0.420144
      1618.91      4.68918     0.416637
      1636.15      4.69222     0.413121
      1653.58      4.69485     0.409328
      1671.20      4.69684     0.405994
      1689.00      4.69862     0.402675
      1707.00      4.70007     0.399606
      1725.18      4.70126     0.396759
      1743.56      4.70218     0.394165
      1762.14      4.70287     0.391866
      1780.91      4.70358     0.389802
      1799.88      4.70415     0.387866
      1819.06      4.70447     0.386208
      1838.44      4.70490     0.384695
      1858.03      4.70503     0.383380
      1877.82      4.70521     0.382269
      1897.82      4.70511     0.381401
      1918.04      4.70470     0.380517
      1938.48      4.70363     0.379880
      1959.13      4.70147     0.379480
      1980.00      4.69340     0.379807
