2.15  2000.

        123984.        1060.60        1063.60
        12398.4        331.010        340.490
        2000.07        121.450        144.440
        1499.93        100.856        126.890
        1200.23        86.2840        114.660
        999.871        75.1370        105.330
        700.079        55.3470        88.1920
        499.935        39.2590        72.5280
        413.280        31.5180        63.6850
        354.240        26.0770        56.5230
        299.986        21.1000        48.8230
        250.018        16.7570        40.4330
        200.006        13.1360        30.1160
        174.995        12.1050        23.7130
        149.993        12.9260        16.0190
        135.000        15.6980        11.4060
        123.984        18.9190        9.27700
        118.080        20.7530        8.80010
        112.713        22.3610        8.72980
        103.320        24.7700        9.58960
        99.9871        25.3730        10.0890
        95.3723        25.9410        10.8110
        91.8400        26.3080        11.3620
        88.5600        26.5940        11.9130
        85.5062        26.8310        12.5420
        82.6560        26.9190        13.2000
        79.9897        26.8850        13.8610
        77.4900        26.7320        14.4890
        75.1418        26.5050        15.0450
        72.9318        26.2340        15.5690
        70.8480        25.9220        16.0600
        70.0079        25.7680        16.2500
        68.8800        25.5700        16.5070
        67.0184        25.1820        16.9310
        65.2547        24.7810        17.3180
        63.5815        24.3370        17.6820
        61.9920        23.8720        18.0200
        59.0400        22.8810        18.5660
        56.3564        21.8390        19.0160
        53.9061        20.7470        19.3170
        51.6600        19.6640        19.5060
        49.9935        18.7710        19.5840
        45.0851        15.8910        19.0350
        41.3280        14.0210        17.9980
        37.5709        12.3990        16.8140
        33.5092        10.7922        15.3430
        29.9986        9.58020        13.8540
        27.5520        8.86540        12.7380
        24.9968        8.23370        11.4910
        24.3106        8.15440        11.1360
        23.8431        8.09370        10.9220
        23.3932        8.03000        10.7320
        22.9600        7.96610        10.5480
        22.5425        7.90100        10.3710
        22.1400        7.83870        10.2000
        21.7516        7.77600        10.0340
        21.3766        7.71810        9.87150
        21.0142        7.66170        9.71210
        20.6640        7.60800        9.55430
        20.3253        7.56210        9.40380
        20.0007        7.51960        9.25390
        19.3725        7.47130        8.96610
        18.7855        7.42590        8.73350
        18.2329        7.37550        8.52350
        17.7120        7.32360        8.32770
        17.2200        7.27320        8.14680
        16.7546        7.22220        7.97360
        16.3137        7.17670        7.81170
        15.8954        7.12990        7.66430
        15.4980        7.08380        7.52720
        15.1200        7.03610        7.39840
        14.9993        7.02080        7.35710
        14.7600        6.98890        7.27480
        14.4167        6.93910        7.15320
        14.0891        6.89180        7.03750
        13.7760        6.84600        6.92560
        13.4765        6.80170        6.81740
        13.1898        6.76010        6.71180
        12.9150        6.72100        6.60970
        12.6514        6.68460        6.51120
        12.3984        6.65280        6.41310
        12.2756        6.64140        6.36910
        12.1553        6.62810        6.32930
        11.9215        6.60020        6.25020
        11.6966        6.57010        6.17560
        11.4800        6.53970        6.10350
        11.2713        6.50800        6.03390
        11.0700        6.47710        5.96760
        10.8758        6.44700        5.90270
        10.6883        6.41660        5.84020
        10.5071        6.38700        5.77890
        10.3320        6.35720        5.72000
        10.1626        6.32920        5.66320
        9.99871        6.30110        5.60880
        9.84000        6.27280        5.55660
        9.68625        6.24440        5.50670
        9.66360        6.24000        5.49890
        9.53723        6.21570        5.45690
        9.39273        6.18690        5.40840
        9.25254        6.15900        5.36110
        9.11647        6.13090        5.31500
        8.98435        6.10360        5.26900
        8.85600        6.07630        5.22420
        8.73127        6.04970        5.17950
        8.61000        6.02410        5.13590
        8.49206        5.99840        5.09350
        8.37730        5.97350        5.05120
        8.26560        5.94950        5.01000
        7.99897        5.89270        4.90940
        7.74900        5.84540        4.81440
        7.51418        5.79880        4.73290
        7.29318        5.75080        4.65610
        7.08480        5.70230        4.58270
        6.91104        5.66190        4.52140
        6.70184        5.61030        4.44520
        6.52547        5.56780        4.38000
        6.35815        5.53400        4.31480
        6.33218        5.53670        4.30300
        6.32894        5.53780        4.30190
        6.32571        5.53990        4.30080
        6.32249        5.54300        4.29970
        6.31927        5.54710        4.29950
        6.31605        5.55230        4.30130
        6.31283        5.55850        4.30510
        6.30962        5.56480        4.31200
        6.30641        5.56910        4.32690
        6.30320        5.56460        4.34600
        6.30000        5.54590        4.36230
        6.29680        5.52290        4.36260
        6.29360        5.50580        4.35380
        6.29041        5.49660        4.34290
        6.28722        5.49250        4.33380
        6.28404        5.49050        4.32570
        6.28085        5.48950        4.31960
        6.27767        5.48850        4.31460
        6.27449        5.48850        4.31040
        6.27132        5.48850        4.30630
        6.26815        5.48860        4.30320
        6.26182        5.48770        4.29810
        6.23035        5.48340        4.28020
        6.19920        5.47710        4.26650
        6.04800        5.44090        4.20900
        5.90400        5.40240        4.15480
        5.63564        5.32590        4.05300
        5.51040        5.28980        4.00430
        5.16600        5.18580        3.86630
        4.99936        5.13650        3.79700
        4.76862        5.07270        3.70450
        4.42800        4.96420        3.57030
        4.13280        4.86440        3.44920
        3.87450        4.77660        3.33990
        3.64659        4.69320        3.24830
        3.40148        4.59590        3.14370
        3.26274        4.53840        3.08280
        3.09960        4.47140        3.00850
        2.75520        4.31530        2.85310
        2.47968        4.18480        2.71580
        2.42393        4.15970        2.69020
        2.25426        4.07430        2.61040
        2.19986        4.04510        2.58380
        2.12192        4.00220        2.54500
        2.06640        3.97200        2.51650
        1.90745        3.88220        2.43700
        1.77120        3.79810        2.36880
        1.65004        3.71860        2.30370
        1.54980        3.65380        2.24790
        1.45863        3.59090        2.20320
        1.37760        3.52780        2.16170
        1.30509        3.46860        2.12120
        1.24996        3.42220        2.08680
        1.12713        3.31640        2.01700
       0.999871        3.18660        1.93730
       0.899739        3.07750        1.86370
       0.799897        2.96830        1.77820
       0.700079        2.86300        1.68580
       0.656347        2.82130        1.64460
       0.550062        2.73600        1.56410
       0.486021        2.69040        1.54690
       0.439972        2.65370        1.55870
       0.433966        2.64880        1.56270
       0.399948        2.61600        1.59660
       0.381489        2.59610        1.62560
       0.364981        2.57710        1.66060
       0.344018        2.55830        1.72950
       0.326274        2.53140        1.83250
       0.309960        2.46540        1.97740
       0.291727        2.30050        2.17340
       0.285021        2.20760        2.26040
       0.273998        1.96374        2.40040
       0.258300        1.48190        2.38050
       0.250018        1.24683        2.28150
       0.240000       0.996179        2.08450
       0.238431       0.962629        2.04750
       0.233932       0.885150        1.93060
       0.229983       0.832240        1.83260
       0.225426       0.783540        1.72260
       0.221400       0.739930        1.62460
       0.219014       0.718930        1.56260
       0.217516       0.707820        1.52260
       0.213765       0.692900        1.42260
       0.210000       0.683980        1.33160
       0.200007       0.680620        1.09860
       0.189985       0.713420       0.864080
       0.180000       0.804430       0.648260
       0.170004       0.939215       0.477290
       0.165312        1.01256       0.414820
       0.160000        1.09695       0.360160
       0.154980        1.17445       0.319320
       0.149001        1.26931       0.272980
       0.145864        1.32454       0.252970
       0.144167        1.35625       0.245060
       0.142510        1.38737       0.239060
       0.140891        1.41808       0.234550
       0.138995        1.45450       0.231150
       0.136246        1.50812       0.228840
       0.133316        1.56834       0.231340
       0.130510        1.62836       0.239540
       0.127819        1.68778       0.255730
       0.124996        1.74980       0.280030
       0.121553        1.82482       0.318930
       0.118001        1.90333       0.371930
       0.114800        1.98155       0.430230
       0.110997        2.08690       0.532430
       0.107812        2.18290       0.668740
       0.105000        2.24290       0.871540
       0.102466        2.18190        1.10100
      0.0999952        2.06490        1.24610
      0.0976252        1.93222        1.35310
      0.0953723        1.79763        1.42410
      0.0932210        1.65763        1.45910
      0.0911647        1.54563        1.45710
      0.0885600        1.42494        1.45610
      0.0826560        1.14285        1.44410
      0.0774900       0.871750        1.31910
      0.0729318       0.747750        1.15710
      0.0688800       0.645350        1.02310
      0.0652547       0.589350       0.873780
      0.0619920       0.564840       0.770180
      0.0590400       0.541140       0.674470
      0.0563564       0.527440       0.578270
      0.0539061       0.531030       0.489560
      0.0516600       0.544730       0.413060
      0.0495936       0.564430       0.345450
      0.0476862       0.588530       0.288840
      0.0459200       0.618130       0.234630
      0.0442800       0.651240       0.199620
      0.0427531       0.684640       0.160710
      0.0413280       0.723150       0.145210
      0.0399948       0.748950       0.133510
      0.0387450       0.772460       0.123010
      0.0375709       0.793860       0.116510
      0.0364659       0.812960       0.110710
      0.0354240       0.842570       0.106800
      0.0344400       0.850370       0.141110
      0.0335092       0.832470       0.133700
      0.0326274       0.832770       0.124100
      0.0317908       0.835070       0.115200
      0.0309960       0.838570       0.106900
      0.0295200       0.847380      0.0922930
      0.0281782       0.856880      0.0800020
      0.0269530       0.866080      0.0697920
      0.0258300       0.874980      0.0611410
      0.0247968       0.883180      0.0538910
      0.0236160       0.892690      0.0463110
      0.0229600       0.897890      0.0424210
      0.0221400       0.904327      0.0378810
      0.0215624       0.908838      0.0348800
      0.0206640       0.915759      0.0305500
      0.0190745       0.927441      0.0237900
      0.0177120       0.937042      0.0188700
      0.0165312       0.944893      0.0152000
      0.0154980       0.951454      0.0124000
      0.0145863       0.956935      0.0102400
      0.0137760       0.961565     0.00854800
      0.0130510       0.965526     0.00719800
      0.0123984       0.968926     0.00611000
      0.0112713       0.974407     0.00450400
      0.0103320       0.978627     0.00340300
     0.00953723       0.981928     0.00262400
     0.00885600       0.984558     0.00206100
     0.00826560       0.986698     0.00164300
     0.00774900       0.988459     0.00132800
     0.00729318       0.989929     0.00108600
     0.00708480       0.990585    0.000985800
     0.00688800       0.991186    0.000897400
     0.00652547       0.992254    0.000748800
     0.00619920       0.993186    0.000630300
     0.00563564       0.994745    0.000456300
     0.00516600       0.996077    0.000339000
     0.00476862       0.997425    0.000257400
     0.00459200       0.998325    0.000225800
     0.00450851       0.998997    0.000211800
     0.00442800        1.00022    0.000198800
     0.00439660        1.00131    0.000193700
     0.00438106        1.00239    0.000246200
     0.00437333        1.00336    0.000299600
     0.00436563        1.00553    0.000570800
     0.00436410        1.00606     0.00100700
     0.00436103        1.00699     0.00278000
     0.00435796        1.00725     0.00454700
     0.00435490        1.00692     0.00635100
     0.00435184        1.00605     0.00807100
     0.00435032        1.00544     0.00890700
     0.00434879        1.00464     0.00960500
     0.00434727        1.00361      0.0102500
     0.00434574        1.00249      0.0108300
     0.00434422        1.00132      0.0111200
     0.00434270        1.00010      0.0108500
     0.00434118       0.998796      0.0104500
     0.00433966       0.997766     0.00982200
     0.00433814       0.997211     0.00895500
     0.00433510       0.996624     0.00648700
     0.00432754       0.997382     0.00483000
     0.00432000       0.997925     0.00400000
     0.00430500       0.998436     0.00360200
     0.00429010       0.998576     0.00326300
     0.00427531       0.998997     0.00276400
     0.00426062        1.00033     0.00258600
     0.00425915        1.00058     0.00274500
     0.00425331        1.00103     0.00418500
     0.00425185        1.00083     0.00471900
     0.00425039        1.00055     0.00509200
     0.00424603       0.999720     0.00487800
     0.00424457       0.999576     0.00466200
     0.00423154       0.999059     0.00497000
     0.00421714       0.998447     0.00484800
     0.00420285       0.998028     0.00467300
     0.00418865       0.997591     0.00444600
     0.00417454       0.997469     0.00385000
     0.00416054       0.997607     0.00367800
     0.00414662       0.997624     0.00350700
     0.00413280       0.997788     0.00328500
     0.00411907       0.998015     0.00332400
     0.00410543       0.998191     0.00341500
     0.00409188       0.998221     0.00371200
     0.00407842       0.998067     0.00385300
     0.00406505       0.997966     0.00389100
     0.00405176       0.997944     0.00398000
     0.00403857       0.997813     0.00422100
     0.00402545       0.997465     0.00436000
     0.00401243       0.997122     0.00424500
     0.00399948       0.996918     0.00408000
     0.00393600       0.996533     0.00330600
     0.00387450       0.996646     0.00271900
     0.00375709       0.996894     0.00242900
     0.00364659       0.996980     0.00225100
     0.00344400       0.997084     0.00186700
     0.00326274       0.997240     0.00156100
     0.00309960       0.997410     0.00131400
     0.00275520       0.997815    0.000877900
     0.00247968       0.998172    0.000607600
     0.00225426       0.998459    0.000433200
     0.00206640       0.998691    0.000316800
     0.00190745       0.998877    0.000236800
     0.00177120       0.999028    0.000180500
     0.00165312       0.999153    0.000139900
     0.00154980       0.999255    0.000110000
     0.00145864       0.999340    8.77100e-05
     0.00137760       0.999412    7.07400e-05
     0.00130510       0.999473    5.76800e-05
     0.00123984       0.999526    4.74800e-05
     0.00112713       0.999609    3.30100e-05
     0.00103320       0.999673    2.36400e-05
    0.000953723       0.999722    1.73500e-05
    0.000885600       0.999761    1.30200e-05
    0.000826560       0.999793    9.95700e-06
    0.000774900       0.999818    7.73600e-06
    0.000729318       0.999839    6.10100e-06
    0.000688800       0.999857    4.87200e-06
    0.000652547       0.999872    3.93700e-06
    0.000619920       0.999885    3.21400e-06
    0.000495936       0.999927    1.32200e-06
    0.000413280       0.999949    6.37000e-07
    0.000309960       0.999972    1.98800e-07
    0.000247968       0.999982    7.99500e-08
    0.000206640       0.999987    3.78000e-08
    0.000154980       0.999993    1.15000e-08
    0.000123984       0.999996    4.53700e-09
    0.000103320       0.999997    2.65700e-09
    8.85600e-05       0.999998    1.30500e-09
    7.74900e-05       0.999998    6.61500e-10
    6.88800e-05       0.999999    4.04900e-10
    6.19920e-05        1.00000    1.44710e-17